5.9727845060 0.0096695294
5.9136480258 0.0096591292
5.8550970552 0.0096797950
5.7971257972 0.0096588218
5.7397285121 0.0096578294
5.6828995169 0.0096570450
5.6266331851 0.0096560883
5.5709239456 0.0096509594
5.5157662828 0.0096336406
5.4611547354 0.0096319514
5.4070838965 0.0096324636
5.3535484124 0.0096212054
5.3005429825 0.0096167490
5.2480623589 0.0096060868
5.1961013455 0.0096074108
5.1446547975 0.0096032410
5.0937176213 0.0095937898
5.0432847736 0.0095943354
4.9933512610 0.0095897214
4.9439121396 0.0095917436
4.8949625144 0.0095900826
4.8464975390 0.0095929984
4.7985124149 0.0095936601
4.7510023910 0.0095957578
4.7039627633 0.0095963906
4.6573888746 0.0095917193
4.6112761135 0.0095949151
4.5656199143 0.0095965805
4.5204157567 0.0095966582
4.4756591651 0.0095973057
4.4313457080 0.0096071742
4.3874709980 0.0096214544
4.3440306911 0.0096275945
4.3010204863 0.0096308666
4.2584361250 0.0096260701
4.2162733911 0.0096122813
4.1745281100 0.0095960772
4.1331961485 0.0095987363
4.0922734144 0.0096034645
4.0517558558 0.0096096405
4.0116394612 0.0096198522
3.9719202586 0.0096293746
3.9325943155 0.0096377197
3.8936577381 0.0096483651
3.8551066714 0.0096574303
3.8169372984 0.0096453658
3.7791458400 0.0096677289
3.7417285544 0.0096665547
3.7046817371 0.0096745629
3.6680017199 0.0096823579
3.6316848712 0.0097055847
3.5957275952 0.0097168313
3.5601263319 0.0097238045
3.5248775563 0.0097328844
3.4899777785 0.0097494284
3.4554235431 0.0097572144
3.4212114288 0.0097536916
3.3873380483 0.0097470514
3.3538000479 0.0097705316
3.3205941068 0.0098199633
3.2877169374 0.0097280141
3.2551652846 0.0097541376
3.2229359253 0.0097596512
3.1910256686 0.0097564475
3.1594313551 0.0097357594
3.1281498565 0.0097070206
3.0971780758 0.0096789024
3.0665129463 0.0096546707
3.0361514320 0.0096446832
3.0060905267 0.0096622023
2.9763272542 0.0096405862
2.9468586675 0.0096412359
2.9176818490 0.0096467569
2.8887939099 0.0096474962
2.8601919900 0.0096543608
2.8318732574 0.0096592800
2.8038349083 0.0096593311
2.7760741667 0.0096604962
2.7485882838 0.0096432908
2.7213745385 0.0096490330
2.6944302361 0.0096664987
2.6677527090 0.0096686542
2.6413393158 0.0096591280
2.6151874414 0.0096766401
2.5892944965 0.0096897082
2.5636579173 0.0096801969
2.5382751656 0.0096660099
2.5131437284 0.0096670280
2.4882611172 0.0096758881
2.4636248685 0.0096906159
2.4392325431 0.0097088256
2.4150817258 0.0097163197
2.3911700256 0.0097324073
2.3674950748 0.0097471947
2.3440545295 0.0097522095
2.3208460688 0.0097445655
2.2978673949 0.0097473003
2.2751162325 0.0097410137
2.2525903293 0.0097377820
2.2302874547 0.0097093306
2.2082054007 0.0097169862
2.1863419809 0.0096655331
2.1646950306 0.0096495909
2.1432624065 0.0096261132
2.1220419867 0.0096104792
2.1010316700 0.0095975821
2.0802293762 0.0095926841
2.0596330457 0.0095963393
2.0392406393 0.0096037106
2.0190501380 0.0096125852
1.9990595425 0.0096181256
1.9792668738 0.0096275778
1.9596701721 0.0096352615
1.9402674971 0.0096428936
1.9210569278 0.0096379545
1.9020365622 0.0096252548
1.8832045170 0.0096339227
1.8645589278 0.0096509638
1.8460979483 0.0096557059
1.8278197508 0.0096595995
1.8097225255 0.0096599971
1.7918044807 0.0096750373
1.7740638423 0.0096688363
1.7564988537 0.0096668541
1.7391077760 0.0096760066
1.7218888871 0.0096751940
1.7048404823 0.0096863802
1.6879608736 0.0096699794
1.6712483897 0.0096773652
1.6547013759 0.0096542004
1.6383181940 0.0096546586
1.6220972217 0.0096425017
1.6060368532 0.0096046927
1.5901354982 0.0095893316
1.5743915824 0.0095908623
1.5588035469 0.0095985795
1.5433698484 0.0096036746
1.5280889589 0.0096112641
1.5129593652 0.0096223477
1.4979795695 0.0096232267
1.4831480886 0.0096312552
1.4684634541 0.0096336869
1.4539242120 0.0096359015
1.4395289227 0.0096563747
1.4252761611 0.0096719258
1.4111645160 0.0096815885
1.3971925901 0.0096931100
1.3833590001 0.0096908595
1.3696623763 0.0096795798
1.3561013627 0.0096808622
1.3426746165 0.0096509626
1.3293808084 0.0096318114
1.3162186222 0.0096104606
1.3031867547 0.0096021868
1.2902839155 0.0095961189
1.2775088272 0.0095908294
1.2648602250 0.0095890078
1.2523368564 0.0095901266
1.2399374816 0.0095919171
1.2276608729 0.0095957399
1.2155058147 0.0095999748
1.2034711037 0.0096099553
1.1915555482 0.0096338444
1.1797579685 0.0096489091
1.1680771966 0.0096537493
1.1565120758 0.0096600429
1.1450614612 0.0096263660
1.1337242190 0.0096354240
1.1224992267 0.0096370918
1.1113853730 0.0096164206
1.1003815574 0.0096041295
1.0894866905 0.0095963418
1.0786996936 0.0095936736
1.0680194986 0.0095932462
1.0574450481 0.0095931426
1.0469752952 0.0095949992
1.0366092031 0.0095993675
1.0263457457 0.0096037423
1.0161839066 0.0096031366
1.0061226798 0.0096064426
0.9961610691 0.0096050758
0.9862980882 0.0096056483
0.9765327606 0.0096069479
0.9668641194 0.0096096257
0.9572912074 0.0096145924
0.9478130766 0.0096135133
0.9384287887 0.0096150509
0.9291374146 0.0096135899
0.9199380342 0.0096046745
0.9108297369 0.0096123908
0.9018116206 0.0096252035
0.8928827927 0.0096235598
0.8840423690 0.0096004933
0.8752894743 0.0095981124
0.8666232419 0.0095976693
0.8580428137 0.0095978071
0.8495473403 0.0095983332
0.8411359805 0.0095999765
0.8328079015 0.0096010988
0.8245622787 0.0096018471
0.8163982958 0.0096036018
0.8083151443 0.0096003220
0.8003120241 0.0095992824
0.7923881427 0.0095989125
0.7845427155 0.0095988935
0.7767749658 0.0095987254
0.7690841246 0.0095989461
0.7614694303 0.0095992021
0.7539301290 0.0095995254
0.7464654743 0.0096003922
0.7390747270 0.0096026918
0.7317571554 0.0096048417
0.7245120351 0.0096054272
0.7173386486 0.0096052125
0.7102362857 0.0096019621
0.7032042433 0.0096028271
0.6962418251 0.0096032026
0.6893483416 0.0096020288
0.6825231105 0.0096016208
0.6757654560 0.0096018127
0.6690747089 0.0096020576
0.6624502068 0.0096024936
0.6558912939 0.0096031481
0.6493973207 0.0096037988
0.6429676442 0.0096032465
0.6366016280 0.0096033112
0.6302986415 0.0096035586
0.6240580609 0.0096037031
0.6178792682 0.0096039013
0.6117616517 0.0096041500
0.6057046057 0.0096044875
0.5997075304 0.0096051687
0.5937698320 0.0096056886
0.5878909228 0.0096055973
0.5820702206 0.0096053766
0.5763071491 0.0096057760
0.5706011377 0.0096061526
0.5649516215 0.0096060020
0.5593580411 0.0096061909
0.5538198427 0.0096064319
0.5483364779 0.0096067241
0.5429074039 0.0096069667
0.5375320830 0.0096070819
0.5322099832 0.0096072974
0.5269405774 0.0096075261
0.5217233440 0.0096077469
0.5165577663 0.0096079711
0.5114433330 0.0096082349
0.5063795376 0.0096085147
0.5013658788 0.0096087198
