#wav 	 bestfit 	 low1sig 	 up1sig 	 low2sig 	 up2sig 
5.9727845060 0.0096666729 0.0096619341 0.0096728705 0.0096589945 0.0096755928
5.9136480258 0.0096572792 0.0096512794 0.0096660617 0.0096487275 0.0096699088
5.8550970552 0.0096772950 0.0096723100 0.0096832427 0.0096694864 0.0096856847
5.7971257972 0.0096575409 0.0096527578 0.0096640622 0.0096500162 0.0096672247
5.7397285121 0.0096559998 0.0096500953 0.0096647440 0.0096470242 0.0096688264
5.6828995169 0.0096556810 0.0096509176 0.0096620177 0.0096480695 0.0096651779
5.6266331851 0.0096548708 0.0096499783 0.0096611880 0.0096477949 0.0096645420
5.5709239456 0.0096502485 0.0096449776 0.0096570480 0.0096428588 0.0096605867
5.5157662828 0.0096356664 0.0096317693 0.0096406620 0.0096282082 0.0096435298
5.4611547354 0.0096352659 0.0096310224 0.0096410109 0.0096272778 0.0096447015
5.4070838965 0.0096364258 0.0096323024 0.0096418365 0.0096283692 0.0096454408
5.3535484124 0.0096265494 0.0096227721 0.0096319787 0.0096192228 0.0096351849
5.3005429825 0.0096239915 0.0096199708 0.0096288109 0.0096166612 0.0096309963
5.2480623589 0.0096159393 0.0096114316 0.0096202715 0.0096074168 0.0096220978
5.1961013455 0.0096174122 0.0096128796 0.0096223115 0.0096084034 0.0096241305
5.1446547975 0.0096145724 0.0096096062 0.0096190266 0.0096049672 0.0096206372
5.0937176213 0.0096069284 0.0096014385 0.0096112738 0.0095958651 0.0096130021
5.0432847736 0.0096071321 0.0096015518 0.0096109934 0.0095959098 0.0096132483
4.9933512610 0.0096026235 0.0095962617 0.0096064106 0.0095913725 0.0096089239
4.9439121396 0.0096022504 0.0095960312 0.0096063297 0.0095912487 0.0096086314
4.8949625144 0.0095990353 0.0095922444 0.0096028711 0.0095866062 0.0096061659
4.8464975390 0.0095974360 0.0095913068 0.0096014779 0.0095859582 0.0096053017
4.7985124149 0.0095979821 0.0095914452 0.0096017140 0.0095861144 0.0096055810
4.7510023910 0.0095963793 0.0095898010 0.0096003878 0.0095834853 0.0096043708
4.7039627633 0.0095969450 0.0095902974 0.0096010650 0.0095845756 0.0096047783
4.6573888746 0.0095967764 0.0095903739 0.0096010126 0.0095848593 0.0096044171
4.6112761135 0.0095932529 0.0095868665 0.0095977754 0.0095805510 0.0096018158
4.5656199143 0.0095938092 0.0095876429 0.0095983276 0.0095820707 0.0096013690
4.5204157567 0.0095962952 0.0095901410 0.0096006070 0.0095848886 0.0096037252
4.4756591651 0.0095963136 0.0095901945 0.0096005600 0.0095844077 0.0096029685
4.4313457080 0.0095987675 0.0095928437 0.0096023502 0.0095877671 0.0096062146
4.3874709980 0.0096006126 0.0095950444 0.0096051114 0.0095894618 0.0096108067
4.3440306911 0.0096014081 0.0095958531 0.0096067556 0.0095891622 0.0096144466
4.3010204863 0.0096029539 0.0095976860 0.0096084504 0.0095913747 0.0096163150
4.2584361250 0.0096055102 0.0096004806 0.0096106067 0.0095947550 0.0096176114
4.2162733911 0.0096061891 0.0096015975 0.0096095465 0.0095976077 0.0096133289
4.1745281100 0.0096064056 0.0096010471 0.0096096440 0.0095966571 0.0096112211
4.1331961485 0.0096100982 0.0096050512 0.0096132641 0.0095999739 0.0096151077
4.0922734144 0.0096129643 0.0096080389 0.0096160535 0.0096037380 0.0096177992
4.0517558558 0.0096175921 0.0096130168 0.0096206256 0.0096091557 0.0096223770
4.0116394612 0.0096258009 0.0096216874 0.0096288990 0.0096183397 0.0096301464
3.9719202586 0.0096337504 0.0096299169 0.0096368498 0.0096274568 0.0096385920
3.9325943155 0.0096410667 0.0096374022 0.0096440726 0.0096352340 0.0096460948
3.8936577381 0.0096499835 0.0096466001 0.0096535717 0.0096446412 0.0096554640
3.8551066714 0.0096590224 0.0096555931 0.0096624630 0.0096533757 0.0096643951
3.8169372984 0.0096473832 0.0096440313 0.0096509671 0.0096421090 0.0096530211
3.7791458400 0.0096684438 0.0096648224 0.0096722720 0.0096624923 0.0096739326
3.7417285544 0.0096672495 0.0096636930 0.0096711788 0.0096613047 0.0096728849
3.7046817371 0.0096749200 0.0096710567 0.0096787579 0.0096686025 0.0096805454
3.6680017199 0.0096818196 0.0096775141 0.0096858516 0.0096750796 0.0096877407
3.6316848712 0.0097036469 0.0096994583 0.0097075693 0.0096972107 0.0097098737
3.5957275952 0.0097147901 0.0097102999 0.0097184811 0.0097080132 0.0097210445
3.5601263319 0.0097215295 0.0097170535 0.0097252445 0.0097147220 0.0097284466
3.5248775563 0.0097303035 0.0097258776 0.0097341450 0.0097232402 0.0097372912
3.4899777785 0.0097462058 0.0097420965 0.0097509537 0.0097383118 0.0097545373
3.4554235431 0.0097542124 0.0097498007 0.0097591759 0.0097457094 0.0097629092
3.4212114288 0.0097504840 0.0097462836 0.0097551772 0.0097423243 0.0097583894
3.3873380483 0.0097441329 0.0097399528 0.0097483441 0.0097361223 0.0097517004
3.3538000479 0.0097662478 0.0097616716 0.0097712166 0.0097576973 0.0097759265
3.3205941068 0.0098187308 0.0098088336 0.0098266775 0.0097983684 0.0098346116
3.2877169374 0.0097249458 0.0097208657 0.0097286058 0.0097182199 0.0097319266
3.2551652846 0.0097508117 0.0097464787 0.0097553917 0.0097424602 0.0097588771
3.2229359253 0.0097556848 0.0097509455 0.0097603266 0.0097471763 0.0097641610
3.1910256686 0.0097524237 0.0097475386 0.0097567154 0.0097437051 0.0097605608
3.1594313551 0.0097307599 0.0097268747 0.0097346531 0.0097235220 0.0097378607
3.1281498565 0.0097020086 0.0096984911 0.0097052827 0.0096961553 0.0097076669
3.0971780758 0.0096707849 0.0096673996 0.0096741550 0.0096650654 0.0096765183
3.0665129463 0.0096477771 0.0096444942 0.0096509555 0.0096420961 0.0096535331
3.0361514320 0.0096369065 0.0096335916 0.0096412175 0.0096310064 0.0096439155
3.0060905267 0.0096410381 0.0096345325 0.0096499448 0.0096297264 0.0096558995
2.9763272542 0.0096317750 0.0096282742 0.0096373059 0.0096240211 0.0096410707
2.9468586675 0.0096313761 0.0096275583 0.0096378410 0.0096224327 0.0096420369
2.9176818490 0.0096370331 0.0096322567 0.0096442397 0.0096271326 0.0096498645
2.8887939099 0.0096368611 0.0096320671 0.0096446298 0.0096267109 0.0096502527
2.8601919900 0.0096450688 0.0096385530 0.0096545452 0.0096333417 0.0096600010
2.8318732574 0.0096489610 0.0096417307 0.0096588440 0.0096373242 0.0096645061
2.8038349083 0.0096489680 0.0096416254 0.0096591421 0.0096380291 0.0096647474
2.7760741667 0.0096547617 0.0096454866 0.0096660816 0.0096406644 0.0096710219
2.7485882838 0.0096419497 0.0096337728 0.0096516011 0.0096289879 0.0096564978
2.7213745385 0.0096480041 0.0096402831 0.0096561239 0.0096357461 0.0096619993
2.6944302361 0.0096636087 0.0096556807 0.0096714649 0.0096500937 0.0096778693
2.6677527090 0.0096677031 0.0096594583 0.0096759701 0.0096542652 0.0096815752
2.6413393158 0.0096604624 0.0096558459 0.0096654213 0.0096528331 0.0096690994
2.6151874414 0.0096764869 0.0096723325 0.0096817093 0.0096694634 0.0096841908
2.5892944965 0.0096893239 0.0096840295 0.0096949201 0.0096818157 0.0096979015
2.5636579173 0.0096804413 0.0096753648 0.0096857791 0.0096731608 0.0096890476
2.5382751656 0.0096663082 0.0096624498 0.0096715466 0.0096595151 0.0096745499
2.5131437284 0.0096661881 0.0096632441 0.0096698304 0.0096608527 0.0096717489
2.4882611172 0.0096733451 0.0096700309 0.0096762440 0.0096679104 0.0096786569
2.4636248685 0.0096873425 0.0096836156 0.0096906902 0.0096813871 0.0096929713
2.4392325431 0.0097048015 0.0097009300 0.0097086995 0.0096985738 0.0097110878
2.4150817258 0.0097118762 0.0097077548 0.0097154704 0.0097055407 0.0097183286
2.3911700256 0.0097271168 0.0097226542 0.0097309304 0.0097205059 0.0097341638
2.3674950748 0.0097412824 0.0097366963 0.0097453529 0.0097337888 0.0097490759
2.3440545295 0.0097461545 0.0097415009 0.0097504597 0.0097384603 0.0097539501
2.3208460688 0.0097375391 0.0097328247 0.0097417158 0.0097306439 0.0097450170
2.2978673949 0.0097415538 0.0097367628 0.0097456291 0.0097341236 0.0097494234
2.2751162325 0.0097351396 0.0097303827 0.0097392899 0.0097281895 0.0097428908
2.2525903293 0.0097320174 0.0097273101 0.0097362440 0.0097251843 0.0097394736
2.2302874547 0.0097042063 0.0096999188 0.0097081245 0.0096973549 0.0097102593
2.2082054007 0.0097118235 0.0097075453 0.0097156658 0.0097051873 0.0097178018
2.1863419809 0.0096614141 0.0096577748 0.0096652869 0.0096557026 0.0096670281
2.1646950306 0.0096483722 0.0096451122 0.0096522936 0.0096427744 0.0096541518
2.1432624065 0.0096280681 0.0096250811 0.0096318271 0.0096229456 0.0096331478
2.1220419867 0.0096142840 0.0096113445 0.0096174298 0.0096088356 0.0096187174
2.1010316700 0.0096019793 0.0095985785 0.0096049336 0.0095961135 0.0096068864
2.0802293762 0.0095957307 0.0095919670 0.0095989248 0.0095891804 0.0096012356
2.0596330457 0.0095953537 0.0095919652 0.0095994510 0.0095888009 0.0096013766
2.0392406393 0.0095982688 0.0095942918 0.0096027270 0.0095906962 0.0096059055
2.0190501380 0.0096029193 0.0095984742 0.0096084723 0.0095951095 0.0096113369
1.9990595425 0.0096083497 0.0096043969 0.0096137546 0.0096009637 0.0096160664
1.9792668738 0.0096150409 0.0096110144 0.0096214394 0.0096070888 0.0096251594
1.9596701721 0.0096241352 0.0096196812 0.0096296534 0.0096158496 0.0096334925
1.9402674971 0.0096323028 0.0096280829 0.0096387162 0.0096239697 0.0096425665
1.9210569278 0.0096301952 0.0096266964 0.0096362123 0.0096234060 0.0096395663
1.9020365622 0.0096225286 0.0096192178 0.0096265228 0.0096166863 0.0096290352
1.8832045170 0.0096327678 0.0096291153 0.0096358781 0.0096261608 0.0096385578
1.8645589278 0.0096507323 0.0096468269 0.0096549246 0.0096440517 0.0096575934
1.8460979483 0.0096549834 0.0096517714 0.0096582146 0.0096492429 0.0096604728
1.8278197508 0.0096589888 0.0096560775 0.0096621309 0.0096536175 0.0096641655
1.8097225255 0.0096592683 0.0096560034 0.0096622127 0.0096537614 0.0096641769
1.7918044807 0.0096732961 0.0096696345 0.0096767955 0.0096673482 0.0096790098
1.7740638423 0.0096672538 0.0096633781 0.0096709477 0.0096614002 0.0096729167
1.7564988537 0.0096656946 0.0096614889 0.0096694893 0.0096596279 0.0096714067
1.7391077760 0.0096742982 0.0096701779 0.0096785421 0.0096680860 0.0096808987
1.7218888871 0.0096736114 0.0096693880 0.0096779472 0.0096672770 0.0096797270
1.7048404823 0.0096840975 0.0096803025 0.0096885690 0.0096777287 0.0096907796
1.6879608736 0.0096682336 0.0096639866 0.0096723266 0.0096618029 0.0096744226
1.6712483897 0.0096752686 0.0096713619 0.0096797238 0.0096693404 0.0096816027
1.6547013759 0.0096529099 0.0096490107 0.0096571443 0.0096467595 0.0096590299
1.6383181940 0.0096534609 0.0096496500 0.0096575997 0.0096473351 0.0096594809
1.6220972217 0.0096420569 0.0096389057 0.0096460053 0.0096361975 0.0096478453
1.6060368532 0.0096058961 0.0096028434 0.0096087040 0.0095999418 0.0096116038
1.5901354982 0.0095901725 0.0095856592 0.0095935102 0.0095833410 0.0095960524
1.5743915824 0.0095899533 0.0095858803 0.0095937103 0.0095833971 0.0095957224
1.5588035469 0.0095939822 0.0095903234 0.0095978704 0.0095875597 0.0096000380
1.5433698484 0.0095951042 0.0095913199 0.0095996978 0.0095877162 0.0096023091
1.5280889589 0.0095999227 0.0095955015 0.0096052037 0.0095921642 0.0096080213
1.5129593652 0.0096071315 0.0096026268 0.0096136044 0.0095993463 0.0096168711
1.4979795695 0.0096113530 0.0096080583 0.0096162098 0.0096052399 0.0096193518
1.4831480886 0.0096193833 0.0096158914 0.0096241138 0.0096133939 0.0096269329
1.4684634541 0.0096255842 0.0096221598 0.0096285265 0.0096202535 0.0096316256
1.4539242120 0.0096320635 0.0096283771 0.0096350876 0.0096260860 0.0096373488
1.4395289227 0.0096517497 0.0096474499 0.0096554957 0.0096447150 0.0096598037
1.4252761611 0.0096676809 0.0096632282 0.0096715559 0.0096602990 0.0096762322
1.4111645160 0.0096776490 0.0096737531 0.0096815030 0.0096709556 0.0096854668
1.3971925901 0.0096891182 0.0096853333 0.0096931430 0.0096830650 0.0096958716
1.3833590001 0.0096871579 0.0096835218 0.0096911029 0.0096812083 0.0096937476
1.3696623763 0.0096755653 0.0096712454 0.0096796258 0.0096683481 0.0096840352
1.3561013627 0.0096769319 0.0096730649 0.0096811470 0.0096700337 0.0096850794
1.3426746165 0.0096477261 0.0096443877 0.0096511881 0.0096417569 0.0096531594
1.3293808084 0.0096288404 0.0096259229 0.0096319515 0.0096240692 0.0096341109
1.3162186222 0.0096072268 0.0096046747 0.0096099667 0.0096026190 0.0096121179
1.3031867547 0.0095989534 0.0095955882 0.0096017944 0.0095936458 0.0096043817
1.2902839155 0.0095926138 0.0095889057 0.0095959370 0.0095867450 0.0095983146
1.2775088272 0.0095884741 0.0095837345 0.0095921260 0.0095812853 0.0095944302
1.2648602250 0.0095868408 0.0095816289 0.0095908746 0.0095788456 0.0095933842
1.2523368564 0.0095874721 0.0095827263 0.0095917113 0.0095799960 0.0095937934
1.2399374816 0.0095886818 0.0095841980 0.0095927514 0.0095813327 0.0095950014
1.2276608729 0.0095913624 0.0095875767 0.0095950283 0.0095847938 0.0095973776
1.2155058147 0.0095950956 0.0095915673 0.0095982405 0.0095894608 0.0096011065
1.2034711037 0.0096061262 0.0096038764 0.0096094007 0.0096013212 0.0096125245
1.1915555482 0.0096315502 0.0096283197 0.0096357965 0.0096258375 0.0096380987
1.1797579685 0.0096469935 0.0096434163 0.0096511459 0.0096410064 0.0096531844
1.1680771966 0.0096511686 0.0096481778 0.0096551800 0.0096456308 0.0096569820
1.1565120758 0.0096577141 0.0096542499 0.0096619773 0.0096518513 0.0096636432
1.1450614612 0.0096234932 0.0096204516 0.0096267486 0.0096182434 0.0096291228
1.1337242190 0.0096317242 0.0096285383 0.0096349557 0.0096260580 0.0096371933
1.1224992267 0.0096336926 0.0096306467 0.0096373041 0.0096281590 0.0096397959
1.1113853730 0.0096117585 0.0096087536 0.0096149586 0.0096065557 0.0096179680
1.1003815574 0.0095987884 0.0095950590 0.0096025720 0.0095926431 0.0096048949
1.0894866905 0.0095912486 0.0095869485 0.0095948323 0.0095843942 0.0095974878
1.0786996936 0.0095882249 0.0095829372 0.0095923007 0.0095799431 0.0095951729
1.0680194986 0.0095876129 0.0095823500 0.0095917706 0.0095794407 0.0095949298
1.0574450481 0.0095873807 0.0095821649 0.0095915995 0.0095793075 0.0095948909
1.0469752952 0.0095888528 0.0095839284 0.0095928774 0.0095811856 0.0095965088
1.0366092031 0.0095930352 0.0095888819 0.0095963779 0.0095862127 0.0096001394
1.0263457457 0.0095981756 0.0095946846 0.0096009029 0.0095919060 0.0096049641
1.0161839066 0.0095978453 0.0095941915 0.0096006174 0.0095915585 0.0096048209
1.0061226798 0.0096018615 0.0095986349 0.0096046274 0.0095965615 0.0096087236
0.9961610691 0.0095996837 0.0095965544 0.0096027693 0.0095942091 0.0096061045
0.9862980882 0.0095991158 0.0095962090 0.0096030386 0.0095932597 0.0096053701
0.9765327606 0.0095998293 0.0095965703 0.0096038080 0.0095937401 0.0096065468
0.9668641194 0.0096019647 0.0095985948 0.0096058805 0.0095957267 0.0096100485
0.9572912074 0.0096063792 0.0096028605 0.0096101492 0.0095992834 0.0096149037
0.9478130766 0.0096051119 0.0096013803 0.0096089104 0.0095979976 0.0096138423
0.9384287887 0.0096062278 0.0096025830 0.0096104487 0.0095987154 0.0096151984
0.9291374146 0.0096047024 0.0096007869 0.0096086602 0.0095975719 0.0096137001
0.9199380342 0.0095964369 0.0095923285 0.0096005967 0.0095893860 0.0096033187
0.9108297369 0.0096060915 0.0096031598 0.0096095530 0.0096008298 0.0096127060
0.9018116206 0.0096206049 0.0096176957 0.0096240630 0.0096153819 0.0096272748
0.8928827927 0.0096189852 0.0096161456 0.0096227062 0.0096135862 0.0096259343
0.8840423690 0.0095926115 0.0095880375 0.0095968988 0.0095852003 0.0096017616
0.8752894743 0.0095891904 0.0095839866 0.0095940283 0.0095812691 0.0095987161
0.8666232419 0.0095883998 0.0095828696 0.0095931654 0.0095801072 0.0095983111
0.8580428137 0.0095883732 0.0095827269 0.0095930930 0.0095799530 0.0095983594
0.8495473403 0.0095886991 0.0095831565 0.0095934297 0.0095804325 0.0095986682
0.8411359805 0.0095901479 0.0095849854 0.0095948387 0.0095826298 0.0095994907
0.8328079015 0.0095907515 0.0095855449 0.0095948785 0.0095816841 0.0095997520
0.8245622787 0.0095913028 0.0095861331 0.0095954485 0.0095823661 0.0096002997
0.8163982958 0.0095930236 0.0095877923 0.0095969661 0.0095843268 0.0096018345
0.8083151443 0.0095894914 0.0095843021 0.0095938764 0.0095802764 0.0095992224
0.8003120241 0.0095881641 0.0095823522 0.0095930300 0.0095785697 0.0095987739
0.7923881427 0.0095875299 0.0095812334 0.0095927334 0.0095776694 0.0095987183
0.7845427155 0.0095872576 0.0095808873 0.0095925747 0.0095771688 0.0095987934
0.7767749658 0.0095869298 0.0095803915 0.0095922647 0.0095762333 0.0095986288
0.7690841246 0.0095869250 0.0095803520 0.0095923426 0.0095762329 0.0095987583
0.7614694303 0.0095870244 0.0095804004 0.0095924206 0.0095762860 0.0095989210
0.7539301290 0.0095871275 0.0095806191 0.0095926119 0.0095770065 0.0095991475
0.7464654743 0.0095876644 0.0095814921 0.0095933420 0.0095786908 0.0095998704
0.7390747270 0.0095901710 0.0095847526 0.0095952339 0.0095814745 0.0096010797
0.7317571554 0.0095921934 0.0095869512 0.0095968764 0.0095835176 0.0096024040
0.7245120351 0.0095926414 0.0095875241 0.0095972075 0.0095840582 0.0096028326
0.7173386486 0.0095922249 0.0095871513 0.0095970824 0.0095835205 0.0096028134
0.7102362857 0.0095885384 0.0095826014 0.0095942777 0.0095798775 0.0096009780
0.7032042433 0.0095892059 0.0095832688 0.0095949450 0.0095804953 0.0096015326
0.6962418251 0.0095894112 0.0095834949 0.0095951199 0.0095805503 0.0096018320
0.6893483416 0.0095879759 0.0095815663 0.0095936023 0.0095784641 0.0096011456
0.6825231105 0.0095874226 0.0095808673 0.0095930896 0.0095773963 0.0096010037
0.6757654560 0.0095874452 0.0095810648 0.0095930535 0.0095773831 0.0096012050
0.6690747089 0.0095875281 0.0095812378 0.0095930655 0.0095774394 0.0096014340
0.6624502068 0.0095876972 0.0095816285 0.0095932039 0.0095780348 0.0096017423
0.6558912939 0.0095882718 0.0095821590 0.0095938042 0.0095787302 0.0096021161
0.6493973207 0.0095887196 0.0095827971 0.0095942423 0.0095798203 0.0096024855
0.6429676442 0.0095880481 0.0095817859 0.0095935314 0.0095782290 0.0096022887
0.6366016280 0.0095879037 0.0095814877 0.0095934119 0.0095780399 0.0096023902
0.6302986415 0.0095879520 0.0095815801 0.0095935380 0.0095780689 0.0096025712
0.6240580609 0.0095878893 0.0095815618 0.0095935331 0.0095778933 0.0096027078
0.6178792682 0.0095879925 0.0095817480 0.0095936041 0.0095778035 0.0096028686
0.6117616517 0.0095881004 0.0095819676 0.0095937033 0.0095779254 0.0096030521
0.6057046057 0.0095882968 0.0095822723 0.0095938167 0.0095781848 0.0096032758
0.5997075304 0.0095888422 0.0095829104 0.0095942715 0.0095790552 0.0096036547
0.5937698320 0.0095891824 0.0095833708 0.0095946297 0.0095800121 0.0096039720
0.5878909228 0.0095889473 0.0095830447 0.0095944922 0.0095793178 0.0096040167
0.5820702206 0.0095885158 0.0095825783 0.0095941299 0.0095783761 0.0096038512
0.5763071491 0.0095888385 0.0095828038 0.0095944821 0.0095788179 0.0096040649
0.5706011377 0.0095892299 0.0095829511 0.0095948161 0.0095792072 0.0096042750
0.5649516215 0.0095888577 0.0095825228 0.0095948040 0.0095783402 0.0096041142
0.5593580411 0.0095888915 0.0095824782 0.0095948707 0.0095783771 0.0096041675
0.5538198427 0.0095889603 0.0095825528 0.0095949284 0.0095784344 0.0096042514
0.5483364779 0.0095891077 0.0095828172 0.0095950613 0.0095788187 0.0096043792
0.5429074039 0.0095892580 0.0095831094 0.0095951814 0.0095789278 0.0096046187
0.5375320830 0.0095891974 0.0095829360 0.0095951343 0.0095788346 0.0096047676
0.5322099832 0.0095892939 0.0095829542 0.0095951872 0.0095788309 0.0096049902
0.5269405774 0.0095894122 0.0095830059 0.0095952889 0.0095789048 0.0096052217
0.5217233440 0.0095894828 0.0095830368 0.0095954822 0.0095788980 0.0096054467
0.5165577663 0.0095895893 0.0095831438 0.0095955680 0.0095789074 0.0096056734
0.5114433330 0.0095898023 0.0095833350 0.0095957516 0.0095789977 0.0096059291
0.5063795376 0.0095900320 0.0095835889 0.0095959379 0.0095790865 0.0096061958
0.5013658788 0.0095901309 0.0095836476 0.0095960380 0.0095791184 0.0096064066
