1.323996230349877479e+01 9.712271594363240668e-03 2.999999999999999737e-05
1.310887356782057012e+01 9.744840503299571563e-03 2.999999999999999737e-05
1.297908274041640553e+01 9.684393220726438337e-03 2.999999999999999737e-05
1.285057697070931226e+01 9.729347530057677607e-03 2.999999999999999737e-05
1.272334353535575424e+01 9.706436141251490249e-03 2.999999999999999737e-05
1.259736983698589619e+01 9.678423631687090023e-03 2.999999999999999737e-05
1.247264340295633467e+01 9.688724129670187035e-03 2.999999999999999737e-05
1.234915188411518194e+01 9.716594758790508130e-03 2.999999999999999737e-05
1.222688305357938887e+01 9.659066535552080987e-03 2.999999999999999737e-05
1.210582480552414708e+01 9.641497568560340042e-03 2.999999999999999737e-05
1.198596515398430462e+01 9.719957556743990743e-03 2.999999999999999737e-05
1.186729223166762992e+01 9.668450466663276038e-03 2.999999999999999737e-05
1.174979428877982990e+01 9.730580099943575076e-03 2.999999999999999737e-05
1.163345969186121920e+01 9.680641683160644620e-03 2.999999999999999737e-05
1.151827692263487002e+01 9.666059178521800924e-03 2.999999999999999737e-05
1.140423457686620701e+01 9.715351737109427857e-03 2.999999999999999737e-05
1.129132136323386781e+01 9.674432244538153786e-03 2.999999999999999737e-05
1.117952610221174936e+01 9.689412784463332512e-03 2.999999999999999737e-05
1.106883772496212970e+01 9.693472863053789745e-03 2.999999999999999737e-05
1.095924527223973222e+01 9.653526927063173571e-03 2.999999999999999737e-05
1.085073789330666472e+01 9.666739054653650243e-03 2.999999999999999737e-05
1.074330484485808412e+01 9.704981101010491315e-03 2.999999999999999737e-05
1.063693548995849980e+01 9.703290348451704822e-03 2.999999999999999737e-05
1.053161929698861421e+01 9.653092226008637422e-03 2.999999999999999737e-05
1.042734583860258724e+01 9.717427787731266337e-03 2.999999999999999737e-05
1.032410479069563181e+01 9.724819139131804166e-03 2.999999999999999737e-05
1.022188593138181290e+01 9.673817755265474647e-03 2.999999999999999737e-05
1.012067913998199487e+01 9.662998789930980770e-03 2.999999999999999737e-05
1.002047439602177548e+01 9.676983840332321202e-03 2.999999999999999737e-05
9.921261778239381712e+00 9.740016417964923734e-03 2.999999999999999737e-05
9.823031463603349778e+00 9.653372282599768581e-03 2.999999999999999737e-05
9.725773726339950187e+00 9.657291115569188039e-03 2.999999999999999737e-05
9.629478936970249592e+00 9.656509920708830977e-03 2.999999999999999737e-05
9.534137561356683221e+00 9.671704963011581654e-03 2.999999999999999737e-05
9.439740159759089977e+00 9.716117371063771532e-03 2.999999999999999737e-05
9.346277385900089385e+00 9.646491861674204304e-03 2.999999999999999737e-05
9.253739986039693832e+00 9.690000988553918240e-03 2.999999999999999737e-05
9.162118798059102787e+00 9.694202084445801768e-03 2.999999999999999737e-05
9.071404750553567098e+00 9.667193624438933860e-03 2.999999999999999737e-05
8.981588861934222123e+00 9.706439646390736808e-03 2.999999999999999737e-05
8.892662239538834612e+00 9.691200516779302152e-03 2.999999999999999737e-05
8.804616078751321240e+00 9.750234028650004228e-03 2.999999999999999737e-05
8.717441662130022806e+00 9.719375810356254905e-03 2.999999999999999737e-05
8.631130358544575998e+00 9.721599624698307879e-03 2.999999999999999737e-05
8.545673622321363183e+00 9.724531741916135966e-03 2.999999999999999737e-05
8.461062992397387461e+00 9.714056306898975410e-03 2.999999999999999737e-05
8.377290091482562318e+00 9.673323390374485506e-03 2.999999999999999737e-05
8.294346625230261338e+00 9.778509109744938296e-03 2.999999999999999737e-05
8.212224381416099561e+00 9.747108106995409915e-03 2.999999999999999737e-05
8.130915229124850541e+00 9.669638712585583787e-03 2.999999999999999737e-05
8.050411117945397876e+00 9.636066306030982229e-03 2.999999999999999737e-05
7.970704077173661695e+00 9.701978892827291256e-03 2.999999999999999737e-05
7.891786215023426365e+00 9.704272634335823350e-03 2.999999999999999737e-05
7.813649717844977083e+00 9.714839459164128013e-03 2.999999999999999737e-05
7.736286849351461825e+00 9.692984410384443417e-03 2.999999999999999737e-05
7.659689949852931612e+00 9.661407407842367845e-03 2.999999999999999737e-05
7.583851435497953375e+00 9.749453695118683039e-03 2.999999999999999737e-05
7.508763797522725270e+00 9.708637233192828758e-03 2.999999999999999737e-05
7.434419601507648245e+00 9.683352335687312254e-03 2.999999999999999737e-05
7.360811486641236634e+00 9.773153983616023402e-03 2.999999999999999737e-05
7.287932164991324235e+00 9.710910868812861613e-03 2.999999999999999737e-05
7.215774420783487741e+00 9.660387305363690377e-03 2.999999999999999737e-05
7.144331109686621772e+00 9.648442291813073834e-03 2.999999999999999737e-05
7.073595158105566050e+00 9.638767440333777595e-03 2.999999999999999737e-05
7.003559562480758949e+00 9.658408867182654081e-03 2.999999999999999737e-05
6.934217388594810849e+00 9.669272423202488267e-03 2.999999999999999737e-05
6.865561770885950210e+00 9.701120312349573865e-03 2.999999999999999737e-05
6.797585911768267763e+00 9.686614009497772002e-03 2.999999999999999737e-05
6.730283080958680664e+00 9.669938502856658541e-03 2.999999999999999737e-05
6.663646614810574853e+00 9.686995089849289794e-03 2.999999999999999737e-05
6.597669915654034156e+00 9.669392231100561175e-03 2.999999999999999737e-05
6.532346451142608146e+00 9.689994716057213908e-03 2.999999999999999737e-05
6.467669753606543281e+00 9.664478844771177274e-03 2.999999999999999737e-05
6.403633419412418704e+00 9.676359243983983019e-03 2.999999999999999737e-05
6.340231108329128062e+00 9.728922717813583837e-03 2.999999999999999737e-05
6.277456542900125669e+00 9.677962774019889872e-03 2.999999999999999737e-05
6.215303507821907658e+00 9.662501354973497200e-03 2.999999999999999737e-05
6.153765849328621584e+00 9.654316263715795321e-03 2.999999999999999737e-05
6.092837474582792900e+00 9.723919207781494406e-03 2.999999999999999737e-05
6.032512351072073287e+00 9.709056989738630225e-03 2.999999999999999737e-05
5.972784506011953987e+00 9.685759226427047633e-03 2.999999999999999737e-05
5.913648025754409510e+00 9.669487352090132271e-03 2.999999999999999737e-05
5.855097055202384659e+00 9.725535839870926708e-03 2.999999999999999737e-05
5.797125797230084032e+00 9.714473811081024771e-03 2.999999999999999737e-05
5.739728512108993819e+00 9.681562586516079955e-03 2.999999999999999737e-05
5.682899516939598605e+00 9.714892590850688833e-03 2.999999999999999737e-05
5.626633185088711464e+00 9.627355559469070664e-03 2.999999999999999737e-05
5.570923945632387131e+00 9.680147267942454739e-03 2.999999999999999737e-05
5.515766282804344556e+00 9.688188855822682174e-03 2.999999999999999737e-05
5.461154735449845532e+00 9.722174254727686954e-03 2.999999999999999737e-05
5.407083896484995655e+00 9.698197248420518946e-03 2.999999999999999737e-05
5.353548412361381459e+00 9.640686203541696392e-03 2.999999999999999737e-05
5.300542982536021519e+00 9.683870378003828563e-03 2.999999999999999737e-05
5.248062358946555150e+00 9.683476543507705744e-03 2.999999999999999737e-05
5.196101345491639378e+00 9.676759658776202047e-03 2.999999999999999737e-05
5.144654797516475142e+00 9.722447740594390014e-03 2.999999999999999737e-05
5.093717621303440524e+00 9.720114301822317324e-03 2.999999999999999737e-05
5.043284773567762613e+00 9.661956476812946087e-03 2.999999999999999737e-05
4.993351260958180937e+00 9.673424366884651043e-03 2.999999999999999737e-05
4.943912139562555375e+00 9.662012109353234138e-03 2.999999999999999737e-05
4.894962514418371491e+00 9.646102041018459611e-03 2.999999999999999737e-05
4.846497539028090884e+00 9.693755075469399907e-03 2.999999999999999737e-05
4.798512414879296806e+00 9.679266433959651805e-03 2.999999999999999737e-05
4.751002390969600420e+00 9.671033500115588585e-03 2.999999999999999737e-05
4.703962763336238417e+00 9.700576890122250898e-03 2.999999999999999737e-05
4.657388874590335348e+00 9.724610493698283495e-03 2.999999999999999737e-05
4.611276113455778258e+00 9.724414089888912954e-03 2.999999999999999737e-05
4.565619914312651240e+00 9.685006282463989175e-03 2.999999999999999737e-05
4.520415756745198799e+00 9.663655345275797698e-03 2.999999999999999737e-05
4.475659165094256764e+00 9.705891998951358610e-03 2.999999999999999737e-05
4.431345708014116092e+00 9.612797206844955408e-03 2.999999999999999737e-05
4.387470998033777825e+00 9.720333420032790939e-03 2.999999999999999737e-05
4.344030691122553023e+00 9.639196025553546307e-03 2.999999999999999737e-05
4.301020486259953479e+00 9.654200882664496983e-03 2.999999999999999737e-05
4.258436125009854578e+00 9.671651978212994841e-03 2.999999999999999737e-05
4.216273391098866341e+00 9.699157026703443193e-03 2.999999999999999737e-05
4.174528109998877135e+00 9.668465128447873216e-03 2.999999999999999737e-05
4.133196148513740731e+00 9.699539848801024336e-03 2.999999999999999737e-05
4.092273414370040108e+00 9.700971586572564032e-03 2.999999999999999737e-05
4.051755855811920881e+00 9.595821844715824236e-03 2.999999999999999737e-05
4.011639461199922430e+00 9.714702099818662423e-03 2.999999999999999737e-05
3.971920258613783616e+00 9.650661579197968715e-03 2.999999999999999737e-05
3.932594315459191581e+00 9.671282871394957723e-03 2.999999999999999737e-05
3.893657738078407426e+00 9.608900472328159303e-03 2.999999999999999737e-05
3.855106671364760818e+00 9.663229069923322950e-03 2.999999999999999737e-05
3.816937298380950860e+00 9.658956946095198504e-03 2.999999999999999737e-05
3.779145839981139510e+00 9.660784279649323181e-03 2.999999999999999737e-05
3.741728554436771326e+00 9.716475373921864417e-03 2.999999999999999737e-05
3.704681737066110259e+00 9.642633832545620398e-03 2.999999999999999737e-05
3.668001719867436616e+00 9.657754140129631154e-03 2.999999999999999737e-05
3.631684871155877570e+00 9.669020345845831532e-03 2.999999999999999737e-05
3.595727595203838334e+00 9.654884211792200827e-03 2.999999999999999737e-05
3.560126331884988726e+00 9.604169173592521508e-03 2.999999999999999737e-05
3.524877556321771355e+00 9.644500251582232772e-03 2.999999999999999737e-05
3.489977778536407005e+00 9.649092917943113620e-03 2.999999999999999737e-05
3.455423543105353712e+00 9.685690849690379092e-03 2.999999999999999737e-05
3.421211428817182210e+00 9.616663732057474656e-03 2.999999999999999737e-05
3.387338048333843332e+00 9.746454136474779276e-03 2.999999999999999737e-05
3.353800047855290511e+00 9.634340298709105979e-03 2.999999999999999737e-05
3.320594106787416067e+00 9.684507401120593523e-03 2.999999999999999737e-05
3.287716937413283524e+00 9.668270179852504059e-03 2.999999999999999737e-05
3.255165284567607564e+00 9.672897530831361251e-03 2.999999999999999737e-05
3.222935925314462935e+00 9.718053027437039554e-03 2.999999999999999737e-05
3.191025668628181045e+00 9.651141977458718366e-03 2.999999999999999737e-05
3.159431355077406689e+00 9.702261919544845001e-03 2.999999999999999737e-05
3.128149856512283833e+00 9.683908485887411655e-03 2.999999999999999737e-05
3.097178075754736692e+00 9.716718366672547416e-03 2.999999999999999737e-05
3.066512946291818587e+00 9.676594461237853634e-03 2.999999999999999737e-05
3.036151431972097470e+00 9.715096527857781245e-03 2.999999999999999737e-05
3.006090526705047061e+00 9.678519676740581987e-03 2.999999999999999737e-05
2.976327254163412928e+00 9.651592030967335104e-03 2.999999999999999737e-05
2.946858667488527761e+00 9.689806365893775808e-03 2.999999999999999737e-05
2.917681848998542549e+00 9.703275382851194245e-03 2.999999999999999737e-05
2.888793909899546541e+00 9.720163674965405162e-03 2.999999999999999737e-05
2.860191989999551154e+00 9.707725375951386723e-03 2.999999999999999737e-05
2.831873257425297830e+00 9.651204815139233922e-03 2.999999999999999737e-05
2.803834908341879206e+00 9.666571813630614809e-03 2.999999999999999737e-05
2.776074166675128296e+00 9.700114664341823872e-03 2.999999999999999737e-05
2.748588283836760127e+00 9.640178019507032389e-03 2.999999999999999737e-05
2.721374538452237868e+00 9.665030435792918914e-03 2.999999999999999737e-05
2.694430236091324815e+00 9.647072818241430800e-03 2.999999999999999737e-05
2.667752709001311562e+00 9.613042806443775068e-03 2.999999999999999737e-05
2.641339315842882840e+00 9.675201390863830478e-03 2.999999999999999737e-05
2.615187441428596937e+00 9.687581974456207362e-03 2.999999999999999737e-05
2.589294496463957262e+00 9.703261986201472400e-03 2.999999999999999737e-05
2.563657917291046751e+00 9.688173391180587499e-03 2.999999999999999737e-05
2.538275165634700237e+00 9.643452281734660181e-03 2.999999999999999737e-05
2.513143728351188155e+00 9.711578074894264626e-03 2.999999999999999737e-05
2.488261117179394244e+00 9.683217336413802237e-03 2.999999999999999737e-05
2.463624868494449949e+00 9.707827622768349513e-03 2.999999999999999737e-05
2.439232543063811764e+00 9.652774886735685997e-03 2.999999999999999737e-05
2.415081725805753532e+00 9.671693898339283474e-03 2.999999999999999737e-05
2.391170025550251044e+00 9.609949874497180841e-03 2.999999999999999737e-05
2.367495074802228761e+00 9.673808233849881186e-03 2.999999999999999737e-05
2.344054529507157536e+00 9.645505648052027370e-03 2.999999999999999737e-05
2.320846068818967822e+00 9.684872880670488543e-03 2.999999999999999737e-05
2.297867394870265034e+00 9.680762203455222162e-03 2.999999999999999737e-05
2.275116232544817318e+00 9.646227572370725742e-03 2.999999999999999737e-05
2.252590329252293522e+00 9.677322332474440694e-03 2.999999999999999737e-05
2.230287454705241146e+00 9.644181077401853958e-03 2.999999999999999737e-05
2.208205400698258991e+00 9.646765519631297914e-03 2.999999999999999737e-05
2.186341980889365377e+00 9.621349042229675880e-03 2.999999999999999737e-05
2.164695030583529967e+00 9.648687401828469345e-03 2.999999999999999737e-05
2.143262406518346097e+00 9.693329350401796649e-03 2.999999999999999737e-05
2.122041986651828083e+00 9.662631005301583476e-03 2.999999999999999737e-05
2.101031669952305059e+00 9.672168764765695301e-03 2.999999999999999737e-05
2.080229376190401158e+00 9.697778696120831765e-03 2.999999999999999737e-05
2.059633045733070489e+00 9.661780605690607066e-03 2.999999999999999737e-05
2.039240639339673589e+00 9.702728432439220591e-03 2.999999999999999737e-05
2.019050137960073155e+00 9.655906729057479876e-03 2.999999999999999737e-05
1.999059542534725509e+00 9.653001758736927049e-03 2.999999999999999737e-05
1.979266873796758031e+00 9.668396845471976392e-03 2.999999999999999737e-05
1.959670172075998140e+00 9.619066366883508717e-03 2.999999999999999737e-05
1.940267497104948502e+00 9.675245892520552976e-03 2.999999999999999737e-05
1.921056927826681582e+00 9.692439717839359745e-03 2.999999999999999737e-05
1.902036562204635128e+00 9.731554920073406251e-03 2.999999999999999737e-05
1.883204517034292147e+00 9.681529385183103645e-03 2.999999999999999737e-05
1.864558927756724938e+00 9.726282279208331091e-03 2.999999999999999737e-05
1.846097948273984990e+00 9.720889930509310148e-03 2.999999999999999737e-05
1.827819750766321860e+00 9.669789981547598223e-03 2.999999999999999737e-05
1.809722525511209934e+00 9.683059965846483458e-03 2.999999999999999737e-05
1.791804480704168201e+00 9.700525741964892076e-03 2.999999999999999737e-05
1.774063842281354608e+00 9.667302840984843409e-03 2.999999999999999737e-05
1.756498853743915012e+00 9.717176139689146647e-03 2.999999999999999737e-05
1.739107775984074289e+00 9.678330204425010519e-03 2.999999999999999737e-05
1.721888887112944966e+00 9.703375208924332890e-03 2.999999999999999737e-05
1.704840482290044701e+00 9.666881675925512174e-03 2.999999999999999737e-05
1.687960873554499530e+00 9.691374128618928871e-03 2.999999999999999737e-05
1.671248389657920441e+00 9.672550374273898577e-03 2.999999999999999737e-05
1.654701375898931071e+00 9.684220103839801669e-03 2.999999999999999737e-05
1.638318193959337421e+00 9.653026732989417741e-03 2.999999999999999737e-05
1.622097221741918505e+00 9.692267235554476168e-03 2.999999999999999737e-05
1.606036853209820148e+00 9.674512636408229629e-03 2.999999999999999737e-05
1.590135498227544852e+00 9.706222343656490878e-03 2.999999999999999737e-05
1.574391582403509737e+00 9.585996080080483317e-03 2.999999999999999737e-05
1.558803546934167894e+00 9.642043620193699663e-03 2.999999999999999737e-05
1.543369848449671178e+00 9.652796541568992722e-03 2.999999999999999737e-05
1.528088958861060442e+00 9.691029555414861982e-03 2.999999999999999737e-05
1.512959365208970564e+00 9.645495405162693783e-03 2.999999999999999737e-05
1.497979569513832487e+00 9.714443127801248440e-03 2.999999999999999737e-05
1.483148088627556760e+00 9.634848374651082403e-03 2.999999999999999737e-05
1.468463454086690101e+00 9.682493092299786219e-03 2.999999999999999737e-05
1.453924211967019708e+00 9.706143654750696778e-03 2.999999999999999737e-05
1.439528922739623740e+00 9.697360766997271606e-03 2.999999999999999737e-05
1.425276161128340213e+00 9.646509544132094577e-03 2.999999999999999737e-05
1.411164515968653665e+00 9.667642793763350784e-03 2.999999999999999737e-05
1.397192590067974027e+00 9.707217924719116139e-03 2.999999999999999737e-05
1.383359000067300837e+00 9.646729691881281155e-03 2.999999999999999737e-05
1.369662376304258355e+00 9.706413321394944185e-03 2.999999999999999737e-05
1.356101362677483380e+00 9.714103861340384408e-03 2.999999999999999737e-05
1.342674616512359975e+00 9.644400956237595204e-03 2.999999999999999737e-05
1.329380808428079153e+00 9.671005714539902820e-03 2.999999999999999737e-05
1.316218622206019040e+00 9.645173652904594913e-03 2.999999999999999737e-05
1.303186754659424462e+00 9.664835661343211190e-03 2.999999999999999737e-05
1.290283915504380818e+00 9.643918111135007035e-03 2.999999999999999737e-05
1.277508827232060051e+00 9.650523443863391615e-03 2.999999999999999737e-05
1.264860224982237824e+00 9.671978617995178815e-03 2.999999999999999737e-05
1.252336856418057032e+00 9.691546818036645902e-03 2.999999999999999737e-05
1.239937481602036762e+00 9.683164464842181421e-03 2.999999999999999737e-05
1.227660872873303610e+00 9.680679292478623979e-03 2.999999999999999737e-05
1.215505814726043354e+00 9.662639246977400981e-03 2.999999999999999737e-05
1.203471103689151889e+00 9.640831584893436515e-03 2.999999999999999737e-05
1.191555548207080761e+00 9.685708803872509695e-03 2.999999999999999737e-05
1.179757968521861988e+00 9.698973541145463131e-03 2.999999999999999737e-05
1.168077196556299047e+00 9.676020284388388293e-03 2.999999999999999737e-05
1.156512075798315831e+00 9.663312360530621273e-03 2.999999999999999737e-05
1.145061461186451135e+00 9.649161565551317432e-03 2.999999999999999737e-05
1.133724218996486455e+00 9.648740911052762145e-03 2.999999999999999737e-05
1.122499226729194666e+00 9.708783298016285604e-03 2.999999999999999737e-05
1.111385372999202481e+00 9.680859875432478237e-03 2.999999999999999737e-05
1.100381557424953138e+00 9.618315627398982270e-03 2.999999999999999737e-05
1.089486690519755552e+00 9.652724399989293103e-03 2.999999999999999737e-05
1.078699693583916597e+00 9.713784563815849524e-03 2.999999999999999737e-05
1.068019498597936989e+00 9.683119597798852535e-03 2.999999999999999737e-05
1.057445048116769204e+00 9.655523588002990973e-03 2.999999999999999737e-05
1.046975295165118336e+00 9.598568816132760362e-03 2.999999999999999737e-05
1.036609203133780355e+00 9.654602536059424256e-03 2.999999999999999737e-05
1.026345745677010202e+00 9.678193602128256842e-03 2.999999999999999737e-05
1.016183906610901300e+00 9.642053951404182255e-03 2.999999999999999737e-05
1.006122679812773590e+00 9.683596440547835235e-03 2.999999999999999737e-05
9.961610691215579960e-01 9.631673839115052066e-03 2.999999999999999737e-05
9.862980882391664261e-01 9.663838927873794407e-03 2.999999999999999737e-05
9.765327606328380039e-01 9.722563058760420179e-03 2.999999999999999737e-05
9.668641194384535176e-01 9.651903472280993698e-03 2.999999999999999737e-05
9.572912073648053299e-01 9.664730511608760413e-03 2.999999999999999737e-05
9.478130765988174167e-01 9.658267815809428586e-03 2.999999999999999737e-05
9.384287887117003235e-01 9.654549639003614028e-03 2.999999999999999737e-05
9.291374145660399320e-01 9.712299168361157239e-03 2.999999999999999737e-05
9.199380342238018260e-01 9.664269308477685741e-03 2.999999999999999737e-05
9.108297368552494833e-01 9.666291777935548044e-03 2.999999999999999737e-05
9.018116206487618580e-01 9.705494871972638465e-03 2.999999999999999737e-05
8.928827927215462479e-01 9.652198245255615150e-03 2.999999999999999737e-05
8.840423690312340099e-01 9.675919648484191532e-03 2.999999999999999737e-05
8.752894742883503554e-01 9.683547026662474994e-03 2.999999999999999737e-05
8.666232418696537820e-01 9.694756545829135916e-03 2.999999999999999737e-05
8.580428137323306004e-01 9.674440816913694105e-03 2.999999999999999737e-05
8.495473403290402237e-01 9.747361613221313531e-03 2.999999999999999737e-05
8.411359805238021181e-01 9.698063417419596974e-03 2.999999999999999737e-05
8.328079015087149761e-01 9.664595600398584799e-03 2.999999999999999737e-05
8.245622787215000082e-01 9.715047710694629107e-03 2.999999999999999737e-05
8.163982957638614701e-01 9.683681850947908898e-03 2.999999999999999737e-05
8.083151443206548770e-01 9.699329121617366808e-03 2.999999999999999737e-05
8.003120240798563545e-01 9.689359809054784792e-03 2.999999999999999737e-05
7.923881426533231354e-01 9.698282629715709174e-03 2.999999999999999737e-05
7.845427154983398710e-01 9.718920988429389368e-03 2.999999999999999737e-05
7.767749658399403234e-01 9.693828520575384702e-03 2.999999999999999737e-05
7.690841245940003290e-01 9.675684941337039935e-03 2.999999999999999737e-05
7.614694302910893775e-01 9.699486603838921792e-03 2.999999999999999737e-05
7.539301290010786971e-01 9.708988917438552205e-03 2.999999999999999737e-05
7.464654742584937441e-01 9.678507865549721562e-03 2.999999999999999737e-05
7.390747269886076554e-01 9.643331176626421600e-03 2.999999999999999737e-05
7.317571554342650053e-01 9.691152158895811192e-03 2.999999999999999737e-05
7.245120350834306500e-01 9.727293876659062755e-03 2.999999999999999737e-05
7.173386485974559967e-01 9.711110152665401382e-03 2.999999999999999737e-05
7.102362857400554841e-01 9.698591888094503649e-03 2.999999999999999737e-05
7.032042433069857212e-01 9.690572127282175846e-03 2.999999999999999737e-05
6.962418250564214039e-01 9.696179793131103411e-03 2.999999999999999737e-05
6.893483416400212338e-01 9.696030657620573895e-03 2.999999999999999737e-05
6.825231105346745153e-01 9.693162845425252333e-03 2.999999999999999737e-05
6.757654559749252110e-01 9.774606135548867189e-03 2.999999999999999737e-05
6.690747088860645730e-01 9.660087471089864528e-03 2.999999999999999737e-05
6.624502068178856895e-01 9.707947179580143915e-03 2.999999999999999737e-05
6.558912938790947278e-01 9.696755058274494216e-03 2.999999999999999737e-05
6.493973206723711034e-01 9.683357856484378287e-03 2.999999999999999737e-05
6.429676442300703565e-01 9.748530683533079139e-03 2.999999999999999737e-05
6.366016279505647413e-01 9.737597800412679458e-03 2.999999999999999737e-05
6.302986415352126448e-01 9.686470935543324209e-03 2.999999999999999737e-05
6.240580609259530620e-01 9.721004309831041135e-03 2.999999999999999737e-05
6.178792682435179096e-01 9.714905181422402516e-03 2.999999999999999737e-05
6.117616517262552955e-01 9.669520005060052228e-03 2.999999999999999737e-05
6.057046056695597480e-01 9.667289813724290123e-03 2.999999999999999737e-05
5.997075303659007428e-01 9.687931058168538015e-03 2.999999999999999737e-05
5.937698320454461998e-01 9.729155698461902646e-03 2.999999999999999737e-05
5.878909228172733981e-01 9.735305869805531073e-03 2.999999999999999737e-05
5.820702206111618704e-01 9.679926089649406110e-03 2.999999999999999737e-05
5.763071491199621699e-01 9.655580341327444152e-03 2.999999999999999737e-05
5.706011377425368458e-01 9.680540881832410544e-03 2.999999999999999737e-05
5.649516215272641917e-01 9.736709790775604362e-03 2.999999999999999737e-05
5.593580411161032107e-01 9.674554556519889340e-03 2.999999999999999737e-05
5.538198426892112503e-01 9.623115329379032523e-03 2.999999999999999737e-05
5.483364779101099762e-01 9.731682668928480495e-03 2.999999999999999737e-05
5.429074038713960215e-01 9.670425546556204663e-03 2.999999999999999737e-05
5.375320830409860973e-01 9.648244539634238601e-03 2.999999999999999737e-05
5.322099832088971194e-01 9.675397099812884164e-03 2.999999999999999737e-05
5.269405774345515825e-01 9.673645209445379256e-03 2.999999999999999737e-05
5.217233439946056262e-01 9.671130144858337135e-03 2.999999999999999737e-05
5.165577663312926893e-01 9.692408999996720426e-03 2.999999999999999737e-05
5.114433330012797541e-01 9.673693884965816475e-03 2.999999999999999737e-05
5.063795376250295188e-01 9.684863667797645459e-03 2.999999999999999737e-05
5.013658788366629482e-01 9.672472512200082362e-03 2.999999999999999737e-05
4.964018602343197584e-01 9.733843396730119946e-03 2.999999999999999737e-05
4.914869903310095656e-01 9.630333435958909200e-03 2.999999999999999737e-05
4.866207825059500891e-01 9.716977710911425120e-03 2.999999999999999737e-05
4.818027549563863032e-01 9.707714583130400837e-03 2.999999999999999737e-05
4.770324306498874289e-01 9.673650660235870100e-03 2.999999999999999737e-05
4.723093372771162701e-01 9.682141956830489851e-03 2.999999999999999737e-05
4.676330072050656761e-01 9.701099159970714980e-03 2.999999999999999737e-05
4.630029774307581336e-01 9.718666913961639814e-03 2.999999999999999737e-05
4.584187895354041031e-01 9.701478515854565152e-03 2.999999999999999737e-05
4.538799896390139921e-01 9.734581378561892734e-03 2.999999999999999737e-05
4.493861283554593800e-01 9.696492409231335582e-03 2.999999999999999737e-05
4.449367607479796094e-01 9.681385770162040730e-03 2.999999999999999737e-05
4.405314462851282475e-01 9.675301317194583833e-03 2.999999999999999737e-05
4.361697487971567533e-01 9.664225905323599319e-03 2.999999999999999737e-05
4.318512364328284114e-01 9.686980552773729117e-03 2.999999999999999737e-05
4.275754816166618122e-01 9.657529672252735883e-03 2.999999999999999737e-05
4.233420610065958822e-01 9.700487844985797303e-03 2.999999999999999737e-05
4.191505554520751908e-01 9.665876534048789895e-03 2.999999999999999737e-05
4.150005499525497021e-01 9.686931190203317693e-03 2.999999999999999737e-05
4.108916336163858096e-01 9.647283258045525473e-03 2.999999999999999737e-05
4.068233996201839342e-01 9.674917899641463648e-03 2.999999999999999737e-05
4.027954451684989667e-01 9.643311092497273626e-03 2.999999999999999737e-05
