1.323996230349877479e+01 9.684242803135484357e-03
1.310887356782057012e+01 9.682257029875155838e-03
1.297908274041640553e+01 9.683826659197779241e-03
1.285057697070931226e+01 9.682952247857137471e-03
1.272334353535575424e+01 9.683043687234283922e-03
1.259736983698589619e+01 9.682091984197583115e-03
1.247264340295633467e+01 9.683753170187560030e-03
1.234915188411518194e+01 9.681202866440363763e-03
1.222688305357938887e+01 9.681049404503403594e-03
1.210582480552414708e+01 9.681938801634915742e-03
1.198596515398430462e+01 9.680745227338053913e-03
1.186729223166762992e+01 9.681828202673348552e-03
1.174979428877982990e+01 9.681899993757129425e-03
1.163345969186121920e+01 9.680250703889779415e-03
1.151827692263487002e+01 9.680030351073603406e-03
1.140423457686620701e+01 9.679740784721451927e-03
1.129132136323386781e+01 9.679639961291116451e-03
1.117952610221174936e+01 9.679965911229776107e-03
1.106883772496212970e+01 9.679000325853745132e-03
1.095924527223973222e+01 9.679277752203714266e-03
1.085073789330666472e+01 9.677551716541254664e-03
1.074330484485808412e+01 9.678024100147505221e-03
1.063693548995849980e+01 9.677806163932154912e-03
1.053161929698861421e+01 9.677744750471180268e-03
1.042734583860258724e+01 9.677613242370340652e-03
1.032410479069563181e+01 9.677785354608670065e-03
1.022188593138181290e+01 9.676855475005760251e-03
1.012067913998199487e+01 9.677608700732585542e-03
1.002047439602177548e+01 9.677158617076374314e-03
9.921261778239381712e+00 9.678733351509410249e-03
9.823031463603349778e+00 9.677420609457445394e-03
9.725773726339950187e+00 9.677916696015658252e-03
9.629478936970249592e+00 9.679416098292217829e-03
9.534137561356683221e+00 9.677883699870598946e-03
9.439740159759089977e+00 9.679555880400573034e-03
9.346277385900089385e+00 9.679550058229758128e-03
9.253739986039693832e+00 9.680913909070930704e-03
9.162118798059102787e+00 9.680609340146029140e-03
9.071404750553567098e+00 9.681132652713742709e-03
8.981588861934222123e+00 9.682616605373565305e-03
8.892662239538834612e+00 9.682187221908528096e-03
8.804616078751321240e+00 9.684037419800164623e-03
8.717441662130022806e+00 9.684928123231725805e-03
8.631130358544575998e+00 9.684384704246516012e-03
8.545673622321363183e+00 9.685676095994813495e-03
8.461062992397387461e+00 9.686110550005431336e-03
8.377290091482562318e+00 9.686957216661015030e-03
8.294346625230261338e+00 9.687101344306302264e-03
8.212224381416099561e+00 9.686359168748201465e-03
8.130915229124850541e+00 9.686353906908322722e-03
8.050411117945397876e+00 9.686449077522425732e-03
7.970704077173661695e+00 9.686332758896683964e-03
7.891786215023426365e+00 9.687752625277611801e-03
7.813649717844977083e+00 9.683925155786372863e-03
7.736286849351461825e+00 9.686409605045806850e-03
7.659689949852931612e+00 9.685976893794764550e-03
7.583851435497953375e+00 9.686542230887442220e-03
7.508763797522725270e+00 9.685994452867701526e-03
7.434419601507648245e+00 9.686291903245290713e-03
7.360811486641236634e+00 9.686613939288832645e-03
7.287932164991324235e+00 9.686703815528559247e-03
7.215774420783487741e+00 9.686325207126450509e-03
7.144331109686621772e+00 9.687538336795042254e-03
7.073595158105566050e+00 9.688477304534740334e-03
7.003559562480758949e+00 9.687210385815818448e-03
6.934217388594810849e+00 9.688882991239199452e-03
6.865561770885950210e+00 9.689567363919005666e-03
6.797585911768267763e+00 9.690474552583823453e-03
6.730283080958680664e+00 9.688621603056694551e-03
6.663646614810574853e+00 9.692041506470856771e-03
6.597669915654034156e+00 9.690556866459563296e-03
6.532346451142608146e+00 9.686202959953808811e-03
6.467669753606543281e+00 9.684093366485858542e-03
6.403633419412418704e+00 9.679776238700319238e-03
6.340231108329128062e+00 9.677868289626093135e-03
6.277456542900125669e+00 9.677881836967246534e-03
6.215303507821907658e+00 9.677895537700207870e-03
6.153765849328621584e+00 9.678633770739769604e-03
6.092837474582792900e+00 9.679746084876790849e-03
6.032512351072073287e+00 9.681957545429224071e-03
5.972784506011953987e+00 9.681759580794277106e-03
5.913648025754409510e+00 9.682388977537620400e-03
5.855097055202384659e+00 9.683434159354997392e-03
5.797125797230084032e+00 9.683021278432617229e-03
5.739728512108993819e+00 9.683688303458268254e-03
5.682899516939598605e+00 9.683800087394778267e-03
5.626633185088711464e+00 9.683505647071537215e-03
5.570923945632387131e+00 9.684374108299460479e-03
5.515766282804344556e+00 9.683831018599176402e-03
5.461154735449845532e+00 9.683972189557688015e-03
5.407083896484995655e+00 9.684618663190100799e-03
5.353548412361381459e+00 9.683800728304972974e-03
5.300542982536021519e+00 9.683849370741593257e-03
5.248062358946555150e+00 9.683020232883041492e-03
5.196101345491639378e+00 9.683275417457211029e-03
5.144654797516475142e+00 9.683223160412434555e-03
5.093717621303440524e+00 9.682574406007561987e-03
5.043284773567762613e+00 9.683274993531302763e-03
4.993351260958180937e+00 9.681806574319452505e-03
4.943912139562555375e+00 9.681708991071498113e-03
4.894962514418371491e+00 9.681130722729856461e-03
4.846497539028090884e+00 9.680912470437286199e-03
4.798512414879296806e+00 9.680796382159802260e-03
4.751002390969600420e+00 9.680478217053048451e-03
4.703962763336238417e+00 9.680565812152782876e-03
4.657388874590335348e+00 9.680859084382936394e-03
4.611276113455778258e+00 9.680525910317766200e-03
4.565619914312651240e+00 9.680739950776640415e-03
4.520415756745198799e+00 9.680687509529758983e-03
4.475659165094256764e+00 9.680355977925242383e-03
4.431345708014116092e+00 9.680225509073110690e-03
4.387470998033777825e+00 9.679012158043816608e-03
4.344030691122553023e+00 9.677664759281437087e-03
4.301020486259953479e+00 9.676705918801467923e-03
4.258436125009854578e+00 9.675766701823554708e-03
4.216273391098866341e+00 9.672736029062684038e-03
4.174528109998877135e+00 9.670962497279696549e-03
4.133196148513740731e+00 9.669367414984938666e-03
4.092273414370040108e+00 9.669235825985261074e-03
4.051755855811920881e+00 9.666816224451993400e-03
4.011639461199922430e+00 9.665752329016150807e-03
3.971920258613783616e+00 9.664885128516985044e-03
3.932594315459191581e+00 9.664038975196909131e-03
3.893657738078407426e+00 9.664063985398898410e-03
3.855106671364760818e+00 9.664561254667618923e-03
3.816937298380950860e+00 9.665480104555373639e-03
3.779145839981139510e+00 9.665807685622432310e-03
3.741728554436771326e+00 9.666896020101775622e-03
3.704681737066110259e+00 9.667922391297142926e-03
3.668001719867436616e+00 9.669408960165971900e-03
3.631684871155877570e+00 9.670055991036105927e-03
3.595727595203838334e+00 9.670852159882397867e-03
3.560126331884988726e+00 9.671746523914764165e-03
3.524877556321771355e+00 9.672936232862269432e-03
3.489977778536407005e+00 9.673476266565480056e-03
3.455423543105353712e+00 9.673837342619501581e-03
3.421211428817182210e+00 9.675166267788106594e-03
3.387338048333843332e+00 9.676286200791531927e-03
3.353800047855290511e+00 9.677301544036700370e-03
3.320594106787416067e+00 9.677844946181242414e-03
3.287716937413283524e+00 9.679292757111041326e-03
3.255165284567607564e+00 9.680262552143997432e-03
3.222935925314462935e+00 9.681881348937410037e-03
3.191025668628181045e+00 9.683342873384513314e-03
3.159431355077406689e+00 9.684233978337440998e-03
3.128149856512283833e+00 9.685435720097741036e-03
3.097178075754736692e+00 9.686473859018539592e-03
3.066512946291818587e+00 9.686610356062939561e-03
3.036151431972097470e+00 9.688648057771106700e-03
3.006090526705047061e+00 9.688407377906011614e-03
2.976327254163412928e+00 9.689712740336942423e-03
2.946858667488527761e+00 9.689378468570710237e-03
2.917681848998542549e+00 9.690732751734869310e-03
2.888793909899546541e+00 9.688571242423699159e-03
2.860191989999551154e+00 9.689521095143238325e-03
2.831873257425297830e+00 9.689899159012027585e-03
2.803834908341879206e+00 9.688939424922094618e-03
2.776074166675128296e+00 9.689350149120205119e-03
2.748588283836760127e+00 9.688200265927019231e-03
2.721374538452237868e+00 9.687098992450446366e-03
2.694430236091324815e+00 9.685965160688980724e-03
2.667752709001311562e+00 9.684420487810256606e-03
2.641339315842882840e+00 9.684819332765085345e-03
2.615187441428596937e+00 9.685128761652570320e-03
2.589294496463957262e+00 9.686544705291783366e-03
2.563657917291046751e+00 9.686706619777336880e-03
2.538275165634700237e+00 9.686162044952307398e-03
2.513143728351188155e+00 9.685273666423884278e-03
2.488261117179394244e+00 9.682516265782058207e-03
2.463624868494449949e+00 9.680518143977996995e-03
2.439232543063811764e+00 9.677440309105318425e-03
2.415081725805753532e+00 9.674616581831940731e-03
2.391170025550251044e+00 9.671974004996518673e-03
2.367495074802228761e+00 9.670227791731756534e-03
2.344054529507157536e+00 9.669129574095639348e-03
2.320846068818967822e+00 9.668032199361157805e-03
2.297867394870265034e+00 9.666440468787302481e-03
2.275116232544817318e+00 9.664561913416235342e-03
2.252590329252293522e+00 9.664476037752658608e-03
2.230287454705241146e+00 9.664752074973984031e-03
2.208205400698258991e+00 9.665110147209879030e-03
2.186341980889365377e+00 9.665758804628098513e-03
2.164695030583529967e+00 9.666357504976378842e-03
2.143262406518346097e+00 9.667844124037988304e-03
2.122041986651828083e+00 9.669581383281708464e-03
2.101031669952305059e+00 9.671329939502482098e-03
2.080229376190401158e+00 9.673536595867398766e-03
2.059633045733070489e+00 9.675018914384665714e-03
2.039240639339673589e+00 9.676527073074198473e-03
2.019050137960073155e+00 9.677607652321180975e-03
1.999059542534725509e+00 9.678103267603833590e-03
1.979266873796758031e+00 9.677358789145277390e-03
1.959670172075998140e+00 9.676860376189750160e-03
1.940267497104948502e+00 9.676951852757839645e-03
1.921056927826681582e+00 9.676714512724114356e-03
1.902036562204635128e+00 9.677101734550089610e-03
1.883204517034292147e+00 9.678292643034269727e-03
1.864558927756724938e+00 9.680491750865875822e-03
1.846097948273984990e+00 9.678817315849635658e-03
1.827819750766321860e+00 9.676540829532084484e-03
1.809722525511209934e+00 9.676373769977977476e-03
1.791804480704168201e+00 9.674429313986281434e-03
1.774063842281354608e+00 9.672918526370909501e-03
1.756498853743915012e+00 9.670184191903857460e-03
1.739107775984074289e+00 9.668458293418646585e-03
1.721888887112944966e+00 9.666912298477174995e-03
1.704840482290044701e+00 9.664181870195810362e-03
1.687960873554499530e+00 9.662876938917465408e-03
1.671248389657920441e+00 9.662862979238032168e-03
1.654701375898931071e+00 9.663508589391975670e-03
1.638318193959337421e+00 9.664012617741397568e-03
1.622097221741918505e+00 9.664753075625219514e-03
1.606036853209820148e+00 9.665885413421960656e-03
1.590135498227544852e+00 9.666958825300810132e-03
1.574391582403509737e+00 9.668272252970046277e-03
1.558803546934167894e+00 9.670025608943737944e-03
1.543369848449671178e+00 9.671471111222913752e-03
1.528088958861060442e+00 9.672643350224118669e-03
1.512959365208970564e+00 9.673953616115825785e-03
1.497979569513832487e+00 9.675215034143662754e-03
1.483148088627556760e+00 9.676254523228816629e-03
1.468463454086690101e+00 9.677050525018359925e-03
1.453924211967019708e+00 9.676846452015245778e-03
1.439528922739623740e+00 9.678301437767752868e-03
1.425276161128340213e+00 9.678904787815417396e-03
1.411164515968653665e+00 9.677791930305133100e-03
1.397192590067974027e+00 9.676464880395373863e-03
1.383359000067300837e+00 9.675272842866832271e-03
1.369662376304258355e+00 9.675916123419388976e-03
1.356101362677483380e+00 9.676302852108844763e-03
1.342674616512359975e+00 9.674549335135756989e-03
1.329380808428079153e+00 9.667660760439674567e-03
1.316218622206019040e+00 9.663556654859427331e-03
1.303186754659424462e+00 9.663137000346211369e-03
1.290283915504380818e+00 9.663150698404043490e-03
1.277508827232060051e+00 9.663420587762110506e-03
1.264860224982237824e+00 9.663758985179845412e-03
1.252336856418057032e+00 9.663902872614503481e-03
1.239937481602036762e+00 9.663689659784866978e-03
1.227660872873303610e+00 9.663580926490212414e-03
1.215505814726043354e+00 9.664557568489686584e-03
1.203471103689151889e+00 9.666268966557527154e-03
1.191555548207080761e+00 9.668425484499958839e-03
1.179757968521861988e+00 9.668902137892924561e-03
1.168077196556299047e+00 9.666974258369154249e-03
1.156512075798315831e+00 9.666483247049665467e-03
1.145061461186451135e+00 9.666620477963716249e-03
1.133724218996486455e+00 9.667524445707339348e-03
1.122499226729194666e+00 9.667781097844024840e-03
1.111385372999202481e+00 9.669039779853351099e-03
1.100381557424953138e+00 9.666942467155931543e-03
1.089486690519755552e+00 9.664527919232248493e-03
1.078699693583916597e+00 9.665205206947935848e-03
1.068019498597936989e+00 9.668476604535741412e-03
1.057445048116769204e+00 9.671822166184016259e-03
1.046975295165118336e+00 9.667531525831510320e-03
1.036609203133780355e+00 9.665710098549169793e-03
1.026345745677010202e+00 9.666779817836557501e-03
1.016183906610901300e+00 9.667165358180141929e-03
1.006122679812773590e+00 9.667599279238133295e-03
9.961610691215579960e-01 9.667437534289766154e-03
9.862980882391664261e-01 9.669967830320647106e-03
9.765327606328380039e-01 9.671883594561968278e-03
9.668641194384535176e-01 9.672024022101762680e-03
9.572912073648053299e-01 9.673147697224361574e-03
9.478130765988174167e-01 9.673808443146822075e-03
9.384287887117003235e-01 9.676490250124713741e-03
9.291374145660399320e-01 9.678567015702081028e-03
9.199380342238018260e-01 9.670944265509743426e-03
9.108297368552494833e-01 9.668888717319627790e-03
9.018116206487618580e-01 9.673841239440967785e-03
8.928827927215462479e-01 9.678928000405340529e-03
8.840423690312340099e-01 9.676065474814022488e-03
8.752894742883503554e-01 9.676495019637741321e-03
8.666232418696537820e-01 9.680591694428090227e-03
8.580428137323306004e-01 9.685116236321830718e-03
8.495473403290402237e-01 9.691032800621590323e-03
8.411359805238021181e-01 9.680967662502759641e-03
8.328079015087149761e-01 9.679420657750945067e-03
8.245622787215000082e-01 9.677615074485466928e-03
8.163982957638614701e-01 9.672438840173021649e-03
8.083151443206548770e-01 9.678900470402089506e-03
8.003120240798563545e-01 9.678021142480720124e-03
7.923881426533231354e-01 9.683385029340397382e-03
7.845427154983398710e-01 9.688045908722752592e-03
7.767749658399403234e-01 9.691813621851242885e-03
7.690841245940003290e-01 9.694252487025888793e-03
7.614694302910893775e-01 9.684313870261074958e-03
7.539301290010786971e-01 9.669087407404398232e-03
7.464654742584937441e-01 9.669167768336338342e-03
7.390747269886076554e-01 9.674648146901604698e-03
7.317571554342650053e-01 9.685891781430245456e-03
7.245120350834306500e-01 9.697485602509476818e-03
7.173386485974559967e-01 9.706145852998979834e-03
7.102362857400554841e-01 9.704683805109120404e-03
7.032042433069857212e-01 9.687969469725528707e-03
6.962418250564214039e-01 9.687918734330771761e-03
6.893483416400212338e-01 9.695510346981959723e-03
6.825231105346745153e-01 9.701916684973730179e-03
6.757654559749252110e-01 9.706077784714051138e-03
6.690747088860645730e-01 9.704788326779636987e-03
6.624502068178856895e-01 9.697804030195067773e-03
6.558912938790947278e-01 9.693152117342826446e-03
6.493973206723711034e-01 9.694061856008885647e-03
6.429676442300703565e-01 9.696516455256955908e-03
6.366016279505647413e-01 9.698319944977863705e-03
6.302986415352126448e-01 9.701417120783737552e-03
6.240580609259530620e-01 9.708327665976032236e-03
6.178792682435179096e-01 9.705736307418694198e-03
6.117616517262552955e-01 9.691285706975508521e-03
6.057046056695597480e-01 9.694944340256760745e-03
5.997075303659007428e-01 9.700729179583722842e-03
5.937698320454461998e-01 9.705807031959081538e-03
5.878909228172733981e-01 9.705017121406330979e-03
5.820702206111618704e-01 9.693186668403491746e-03
5.763071491199621699e-01 9.693999072923467630e-03
5.706011377425368458e-01 9.696230265154689998e-03
5.649516215272641917e-01 9.700362448988475439e-03
5.593580411161032107e-01 9.697377523186835949e-03
5.538198426892112503e-01 9.693164710675834794e-03
5.483364779101099762e-01 9.698048908256004172e-03
5.429074038713960215e-01 9.690838692664089510e-03
5.375320830409860973e-01 9.689977657257034180e-03
5.322099832088971194e-01 9.689154233038671862e-03
5.269405774345515825e-01 9.691238215334145936e-03
5.217233439946056262e-01 9.694088112081722386e-03
5.165577663312926893e-01 9.692269455934782868e-03
5.114433330012797541e-01 9.681316185724998455e-03
5.063795376250295188e-01 9.690942424872221739e-03
5.013658788366629482e-01 9.699438685706340130e-03
4.964018602343197584e-01 9.696751349291094293e-03
4.914869903310095656e-01 9.686570147513194617e-03
4.866207825059500891e-01 9.694433966082936435e-03
4.818027549563863032e-01 9.698526586381353912e-03
4.770324306498874289e-01 9.696851324280665943e-03
4.723093372771162701e-01 9.690288656035135964e-03
4.676330072050656761e-01 9.693443347741265842e-03
4.630029774307581336e-01 9.694871025056242542e-03
4.584187895354041031e-01 9.691561848856406619e-03
4.538799896390139921e-01 9.688163385036793751e-03
4.493861283554593800e-01 9.689641526412655359e-03
4.449367607479796094e-01 9.689016813547758622e-03
4.405314462851282475e-01 9.683474995932469381e-03
4.361697487971567533e-01 9.682764242364035046e-03
4.318512364328284114e-01 9.682333533706788398e-03
4.275754816166618122e-01 9.679767861101615939e-03
4.233420610065958822e-01 9.676418074725041257e-03
4.191505554520751908e-01 9.675521566092110115e-03
4.150005499525497021e-01 9.673490767315960637e-03
4.108916336163858096e-01 9.671249205470402663e-03
4.068233996201839342e-01 9.670690056642849280e-03
4.027954451684989667e-01 9.669648189314946837e-03
