

    0.334876038888505066E-97    0.154427593864314645E+04    0.153324764657411106E+04    0.679614660912099655E+00   -0.714014745158247033E+00    0.615010264601039047E+01    0.166723486088405792E+01   -0.954880878163665514E+00   -0.701420879953902521E+01    0.615600660165280700E+00    0.136366677594358343E+01   -0.230500756863476619E+01
    0.780336948018825561E-88    0.150113747620751883E+04    0.121167088921574305E+04   -0.695759355142056002E-01   -0.769361186435336908E+00    0.836583406680594877E+01    0.547404978159214628E+00   -0.250995179700809690E+01   -0.100103757450665185E+02    0.617231438964156109E+00    0.114115208085298558E+01   -0.149515201904761863E+01
    0.452866843498299985E-41    0.128578273281104634E+04    0.976854960498404012E+03    0.688389510674651817E+00    0.199732268253625556E+00    0.586901110867248210E+01    0.350045361665314836E+01   -0.463131901705968207E+01   -0.302032566238378308E+01    0.616668824864194942E+00    0.984401805743386760E-01    0.157812015077873102E+01
    0.281447362773106237E-25    0.121305131522891315E+04    0.117829930912424675E+04    0.457462369103687205E+00   -0.581287615850891726E-01    0.886337575490225760E+01    0.276587208956842101E+01   -0.157009954956421804E+01   -0.606492127351607380E+01    0.615167380414190723E+00    0.188015731053367929E+01    0.108262705119252800E+01
    0.434601152081129201E-86    0.149309773002019438E+04    0.133316383499626500E+04   -0.169113431629946298E+00   -0.278155405922422716E+00    0.912572865487414830E+01    0.142408615594343591E+01   -0.158959921892558764E+01   -0.704114799345793774E+01    0.616230105159860764E+00   -0.233237361047382885E+01    0.149267165364314458E+01
    0.212944406523734140E-56    0.135636941961917637E+04    0.103594402603778440E+04    0.182492045962931115E+00   -0.589252987772106884E+00    0.564403246505046674E+01    0.770953615826451499E+00   -0.193810671977982629E+00   -0.488577578793234757E+01    0.616155935834948654E+00   -0.708489032349638670E+00    0.734254419922051760E+00
    0.983727657401998051E-76    0.144541218742212868E+04    0.147468876922619393E+04    0.134656100450074590E+01    0.215091554755073133E+00    0.640683919610608399E+01    0.231822712331206260E+01   -0.189712461610172589E+01   -0.666214977011340004E+01    0.616747245566759639E+00   -0.511709477371455890E-01   -0.309791418362805437E+00
    0.830383568277120447E-77    0.145035628033474791E+04    0.862452484666213877E+03    0.662663091755242739E+00   -0.706345097383102916E+00    0.736502837824059586E+01    0.179709425024853475E+01   -0.303453431884453151E+01   -0.606262426916959463E+01    0.616221949705566763E+00   -0.241590554146732472E+01   -0.629231354974937318E-01
    0.194534593132684087E-76    0.144865366558981668E+04    0.929789800651356586E+03    0.103641075203519772E+01   -0.776150369433134424E+00    0.648485256879680705E+01    0.243965498120033297E+01   -0.432903219465223188E+01   -0.685956316109528075E+01    0.617036322261516945E+00   -0.108542507547251255E+01    0.194732897808159500E+00
    0.925133600625629961E-22    0.119685581923401060E+04    0.104316984803752030E+04   -0.139843214705162078E+01   -0.835939046574476485E-01    0.763236264405052101E+01    0.173500217898842934E+01   -0.555651003118790587E+01   -0.577011706256385715E+01    0.617043092754658518E+00    0.124141197557861460E+01   -0.596611410172164902E+00
    0.120930085109755010E-48    0.132065969525090350E+04    0.122191092688093045E+04   -0.111663000298359982E+01   -0.296586903327109574E+00    0.723414380072260066E+01    0.927497936615908403E+00   -0.470658184409665292E+01   -0.119333593376710194E+02    0.617074996494812456E+00   -0.135420046314751907E+01   -0.197738195330122046E+00
    0.220718432833801825E-77    0.145300628012446259E+04    0.160289839932280165E+04   -0.173612107536115223E+01   -0.833679095898438582E+00    0.590347000026993562E+01    0.298145120376480177E+01   -0.187389609380827515E+01   -0.544931355748774315E+01    0.617237288025258013E+00   -0.317293813694458482E+01    0.101990826717399852E+01
    0.112163700144303608E-77    0.145436013695850625E+04    0.174579378052288303E+04    0.252426200594592753E+00   -0.146909071207752628E+01    0.619310438872602909E+01    0.263743467190217418E+01   -0.393001626098297052E+01   -0.735420837362256385E+01    0.615161082909533419E+00   -0.168007986157530098E+00    0.191051926184728948E+01
    0.504291857471378500E-71    0.142372272430230578E+04    0.157219323871804249E+04   -0.178265724291991057E+01   -0.651542030706776520E+00    0.744613283198265741E+01    0.357921439029477995E+01   -0.350837428268116769E+01   -0.590882075890553971E+01    0.616785446095783563E+00    0.183846331966304177E-01    0.129138089860384042E+01
    0.587402461892416401E-65    0.139578659313203343E+04    0.148543323864630838E+04   -0.167172776420032010E+01   -0.885809136452239576E+00    0.814180495010819527E+01    0.194883134067992825E+01   -0.509470843903635462E+01   -0.816878777713061943E+01    0.617254205404153655E+00   -0.129822937741133959E+01    0.175568475473056651E+01
    0.204589039677331833E-75    0.144394770884662671E+04    0.160863426906215682E+04   -0.175532862762411312E+01   -0.475682259667417950E+00    0.587110079030640808E+01    0.165733169506052613E+01   -0.231416517856430293E+01   -0.646620271169162031E+01    0.616787004906412140E+00   -0.278957925897459669E+01    0.590363897028960416E+00
    0.136824999624221284E-72    0.143093679938523155E+04    0.178742462765259938E+04   -0.345810499755368372E+00   -0.721166003145020218E+00    0.538413704721970632E+01    0.459432482274522869E+01   -0.467872396233752319E+01   -0.715517052497627581E+01    0.615608401066538025E+00   -0.599634218111973816E+00    0.171852193400851405E+01
    0.523258554906582374E-94    0.152956779752403440E+04    0.171062850170806269E+04   -0.402773432907747697E+00   -0.249220483666112269E+00    0.507873856748042662E+01    0.162028260695565263E+01   -0.360567769909859059E+00   -0.723698845002203051E+01    0.615443913822694588E+00   -0.153697526826312103E+01    0.151564309307874900E+00
    0.476328162241619314E-39    0.127647137464985758E+04    0.157198417338225158E+04   -0.612034554283322985E+00    0.155780481849608243E+00    0.516655053808549436E+01    0.107493129132795762E+01    0.127884000758036542E+01   -0.635978436342932518E+01    0.616613224752143418E+00   -0.396537964294858147E+01    0.669182768202416511E-01
    0.509846420468027114E-61    0.137764911371986864E+04    0.179612755433759708E+04   -0.161987970704229634E+01   -0.456567910513077546E+00    0.871410516804759538E+01    0.217450460607814877E+01   -0.405399488167278399E+01   -0.717205799315732850E+01    0.617255235959638604E+00   -0.147075048240378070E+01   -0.161540488425463558E+01
    0.270543421226402524E-91    0.151707157317257611E+04    0.157596461790471062E+04    0.989123112220647194E+00   -0.982452573432771148E+00    0.593796235293244479E+01    0.152696358311360103E+01   -0.699441934529343001E+00   -0.405329429131304941E+01    0.614997046720524132E+00   -0.249100208863517913E+00    0.550627871489417053E+00
    0.614164452529940757E-24    0.120688551046580710E+04    0.974470471913665506E+03    0.101040915997872238E+01   -0.134281681838101186E+00    0.733406016005709471E+01    0.267540929180524190E+01   -0.300456985178435998E+01   -0.117932701987955753E+02    0.615781572321409509E+00    0.139282168808707940E+01   -0.394879457346769458E+01
    0.526178544027627068E-03    0.111048618083570682E+04    0.124295999738034493E+04    0.973122977030977054E+00    0.283724918696460549E+00    0.750400363375455104E+01    0.286776773980354083E+01   -0.195885093791402998E+01   -0.144124632681855953E+02    0.615525783356776213E+00    0.670283261955588294E+00   -0.353678824663975711E+00
    0.437820451427186495E-98    0.154834501189332013E+04    0.123639793045088436E+04    0.124348983516600864E+01   -0.124811625861568087E+01    0.840772795415795571E+01    0.157725552881300679E+01   -0.259191446063283637E+01   -0.145005703747101045E+02    0.615845830626607471E+00    0.742845659326484942E+00    0.126946466703507088E+01
    0.475598646808956348E-87    0.149752260900445344E+04    0.170860456433597551E+04    0.100103200381037549E+01   -0.125888026196666392E+00    0.880890509757027118E+01    0.459779805040826250E+01   -0.341012060843989939E+01   -0.108033153737442689E+02    0.615338469979909930E+00    0.147107294452353266E+00    0.747414311381065843E+00
    0.113863245407257741E-30    0.123788706078908740E+04    0.168390390488716025E+04    0.887802804195099160E+00    0.124494792792914311E+00    0.847068345510264109E+01    0.493123958577205457E+01   -0.114220948650973231E+01   -0.114296338492487486E+02    0.614915191166876762E+00   -0.828835350640666491E-02   -0.230121825202383334E+00
    0.121538255788334874E-79    0.146340993800436081E+04    0.161336614654292794E+04   -0.565067569818409332E-01   -0.119698448135674429E+00    0.878908807140701498E+01    0.441705289674289148E+01   -0.109355896528477636E+01   -0.119855512788026779E+02    0.616109961968797415E+00   -0.107918260647400288E+01    0.125018430050749707E+01
    0.206517002903375428E-90    0.151300650270653114E+04    0.132562054375572552E+04    0.442101981805426369E+00   -0.626611821220925735E+00    0.733338487000140837E+01    0.429778500618301162E+01   -0.249767125957809322E+01   -0.112132964004718012E+02    0.615678247669817380E+00   -0.179505899647034362E+01    0.894837357062480798E+00
    0.542470150041894299E-48    0.131765785426821139E+04    0.106940782041623333E+04   -0.154407013290438933E+00   -0.863259299360352728E-02    0.843313231949482400E+01    0.121388610557106347E+01   -0.256575084584683122E+01   -0.133294238026184004E+02    0.616863146012566643E+00   -0.200104725740889977E+01    0.132439854405687196E+01
    0.677608013500897506E-85    0.148760427933250799E+04    0.177176481374967352E+04    0.922393351594392730E+00    0.730597274872906155E-01    0.776329840593605702E+01    0.286326772957347453E+01   -0.405887547508342195E+01   -0.113049856160383015E+02    0.614958101580716399E+00   -0.172746653186719890E+00    0.156874020660560110E+01
    0.893491397176625796E-55    0.134889603827935457E+04    0.172059622920631159E+04    0.136622267507414152E+01    0.183309526793000721E+00    0.710402174668575803E+01    0.255886374320919163E+01   -0.432279626229053715E+01   -0.792615542420545083E+01    0.616342411090617825E+00   -0.295661868910670478E+00   -0.246584226478197754E+01
    0.105023173116076332E-18    0.118278665276613924E+04    0.127595153023435614E+04   -0.115704523043470120E+00    0.237995078939281957E+00    0.102377437908538980E+02    0.122329307771670459E+01   -0.405247244459530442E+01   -0.148243376818222856E+02    0.616762483826997165E+00   -0.119315364436000149E+01   -0.258785076616166299E+01
    0.527293866172177791E-90    0.151113175217368689E+04    0.159263213278397006E+04    0.161754804703747190E+01    0.214454883003152741E+00    0.611796424264649819E+01    0.259207608690586344E+01   -0.550740533573095803E+01   -0.959810696119037132E+01    0.616385540212447625E+00    0.159098458174419477E+01   -0.187466877020205125E+01
    0.244626356720984560E-87    0.149885229369996705E+04    0.163271707339066825E+04    0.486430032161606185E+00    0.692233917124411846E-01    0.812723113853892798E+01    0.189217522127489435E+01   -0.153844953685520824E+01   -0.906391340177644267E+01    0.616124595118261453E+00   -0.251832563628689865E+01   -0.186317475021191203E+01
    0.154571322470540679E-80    0.146753425509384124E+04    0.170273599091489245E+04    0.742017025618369352E+00   -0.109559252221298253E+00    0.590498795079092531E+01    0.320731278397620700E+01   -0.281076930132776059E+01   -0.128690753482151230E+02    0.615071608119570290E+00   -0.362971827674553715E+00    0.935155444589804929E+00
    0.810683897669429569E-28    0.122475096025124094E+04    0.130011854739739010E+04    0.726462069897835239E+00    0.353971470041107850E-01    0.606872590197867545E+01    0.117285985206277310E+01   -0.272389037125748334E+01   -0.108374884115702130E+02    0.616633714274805733E+00   -0.100921679275554510E+01   -0.325256244271816541E+01
    0.211834842966352922E-50    0.132874884690516251E+04    0.108725760189006041E+04   -0.501394075955921670E+00    0.112961675125166305E+00    0.735431831738060637E+01    0.293481611755812466E+01   -0.397050334427171370E+01   -0.324962617244705321E+01    0.617188602648692242E+00   -0.281828890161950563E+01    0.181514717459241393E+01
    0.462721524861615786E-83    0.147915682606975679E+04    0.115393105144935544E+04   -0.691723160053534958E+00   -0.120997142982172368E+01    0.756651466081876478E+01    0.220465546116568767E+01   -0.333286846987845697E+01   -0.588224086586117778E+01    0.615743904867346314E+00    0.176512253527078578E+01   -0.266107547492615737E+01
    0.115096014280227904E-55    0.135299477831838703E+04    0.102452279043065982E+04    0.573375948508112465E-01   -0.157387982283780725E+01    0.915130588395680888E+01    0.199854069656222277E+01   -0.360067320812216440E+01   -0.125902701477009895E+02    0.616112231550768330E+00    0.142353404414054996E+01   -0.114809179555357765E+01
    0.158367620515249389E-18    0.118196517672535083E+04    0.130473823682308966E+04   -0.185825236108940084E+00   -0.552589455190730883E+00    0.860333776592840671E+01    0.246534703908766506E+01   -0.458421875228068654E+01   -0.517173551184509606E+01    0.616128228810019718E+00    0.147497345591452689E+01   -0.307225133045191345E+01
    0.826481081858664138E-89    0.150562774396052441E+04    0.136810660763381247E+04    0.189337869271337667E-01   -0.172463706362194258E+01    0.732218221023917160E+01    0.134729609771048375E+01   -0.567285224712619929E+01   -0.376989997012999467E+01    0.615198357416678610E+00    0.179953345508470264E+01   -0.370771248117317986E+01
    0.856000429997393160E-76    0.144569034384080101E+04    0.106003929821095107E+04   -0.104041840313040779E+01   -0.104827088390105527E+01    0.908607642742387611E+01    0.130658340463982925E+01   -0.419368380438920774E+01   -0.650167259263714570E+01    0.616416119295215448E+00   -0.112809751761522481E+01   -0.327435884049108816E+01
    0.414504411367774929E-82    0.147477173947939355E+04    0.129891606627614192E+04    0.291693017298626511E+00   -0.501082052073704043E+00    0.884471483796947489E+01    0.202888687924118738E+01   -0.436498619185660974E+01   -0.577796726611282452E+01    0.615943441965353555E+00   -0.670039778804943253E+00   -0.638375584052409906E+00
    0.210974259081005115E-41    0.128731045682585318E+04    0.109899027767640860E+04    0.103299904834541900E+01   -0.115751062762993850E+00    0.790830893925730205E+01    0.405105618767316766E+01   -0.388574958718233487E+01   -0.634325611976049153E+01    0.616217990674163607E+00   -0.734021327986793537E+00   -0.423564807845288893E+01
    0.765363290969033334E-79    0.145972969493320034E+04    0.123443487310065257E+04   -0.577238608719548019E-01   -0.953840057588847712E+00    0.568756638583838203E+01    0.316405902624447899E+01   -0.622480108697462953E-01   -0.878665022253007066E+01    0.615479353418936781E+00    0.119799229457834056E+01   -0.514859448421083421E+01
    0.266215427224947858E-81    0.147105212481210356E+04    0.145007097061975242E+04   -0.129749718891372945E+01   -0.924377966470524282E-01    0.635618647188423846E+01    0.129784655083589096E+01   -0.113214211282455324E+01   -0.732401244749451141E+01    0.615412007103624648E+00    0.199225595285792334E+01   -0.460506276546053339E+01
    0.139449040892332152E-75    0.144471431693924114E+04    0.179411687665035788E+04   -0.546159439860938178E-01    0.642843961266739150E-01    0.107239701248481225E+02    0.400290597726427055E+01   -0.226818869693755820E+01   -0.129696300171786199E+02    0.615926112492958366E+00   -0.576241216217160179E+00   -0.490809635972456171E+01
    0.362233604131188122E-98    0.154872405105153121E+04    0.135656029050144070E+04    0.818833313876247804E+00   -0.980575425406193357E+00    0.104556472192597631E+02    0.312650601273013651E+01   -0.310024315472537593E+01   -0.114842696270417761E+02    0.615015227067818082E+00    0.165237449743415254E+00   -0.468082739718323015E+01
    0.707838483199989276E-26    0.121581194442515766E+04    0.113579033307122745E+04   -0.307435096015483911E+00    0.106572105415643215E-01    0.733420458857628965E+01    0.293672479843943934E+01   -0.316967743803463442E+01   -0.636013295432828407E+01    0.615470851091130533E+00    0.184274845750370098E+01   -0.305487332750977858E+01
    0.161975098180379291E-39    0.127862870349922946E+04    0.858735616674054427E+03    0.125751723402812221E+01    0.132977186633531641E+00    0.797844849824140567E+01    0.632726464369219754E+00   -0.485490519468642567E+01   -0.464096505784808855E+01    0.616165752785458265E+00    0.174033369306182628E+00   -0.326202638278176282E+01
    0.218643424872627235E-11    0.114908393909665574E+04    0.117148809829107722E+04    0.116150203041036182E+00    0.831438232930095111E-01    0.951658788733922734E+01    0.226681045012410731E+01   -0.461255777495115638E+01   -0.888229437684117507E+01    0.616621074459915652E+00   -0.671922834373341438E+00   -0.525760407618874659E+01
    0.221935756952640038E-66    0.140233840782407674E+04    0.139639881637079543E+04    0.265844350123503936E+00    0.567049211024075461E-01    0.772474065865274984E+01    0.227861836837293685E+01   -0.555480597535469034E+01   -0.284716058599045851E+01    0.615198920927433557E+00   -0.197488258779718429E+00   -0.116077030660546843E+01
    0.652724165113605460E-94    0.152912563968900758E+04    0.174683349248532681E+04   -0.380450907583497422E+00   -0.462925289067953383E+00    0.954011347738733129E+01    0.306073233925314581E+01   -0.274902163978454572E+01   -0.526022560647971638E+01    0.615312408898653906E+00   -0.210371199086193528E+01   -0.269449770930984522E+01
    0.536514321982819118E-85    0.148807123075778509E+04    0.164398907684025380E+04    0.111448246438986276E+01    0.546220725989989830E-01    0.107833951220705053E+02    0.174746876032136211E+01   -0.417538446994863133E+01   -0.103197974476677672E+02    0.616961613982890400E+00    0.489842106160018886E-01   -0.497485273227949953E+01
    0.511128207067987574E-28    0.122567347576393695E+04    0.154947295809138382E+04    0.164857920667585534E+01    0.199997489006065621E+00    0.841806825740446740E+01    0.226146153642506587E+01   -0.596568642136842797E+01   -0.657636991372775981E+01    0.615673256701683935E+00    0.155091226475195665E+01   -0.497052623569917884E+01
    0.595465327925567383E-80    0.146483688001443625E+04    0.174852502893474139E+04    0.139218342894558500E+01   -0.103398546656684021E+01    0.853367324257958160E+01    0.268119435065520539E+01   -0.445342171849111246E+01   -0.110175272434796163E+02    0.614496389897605244E+00    0.708112040630012096E+00   -0.266061405400458595E+01
    0.746944078466498776E-80    0.146438358570002356E+04    0.171371234202542087E+04    0.685899587526361376E+00   -0.486888191569960327E+00    0.967235874042968469E+01    0.459881635981254622E+01   -0.274000422053439507E+01   -0.148765237643269312E+02    0.614945621408218179E+00   -0.454634665157183981E+01   -0.148399646924201001E+01
    0.910276233990191249E-96    0.153767079310294662E+04    0.168759103935258850E+04   -0.950245531537516674E+00   -0.937014205982471760E+00    0.107859904093730847E+02    0.410869127708730630E+01   -0.430933285471545524E+01   -0.116293461352992402E+02    0.615453610596336298E+00   -0.325481873343805628E+01   -0.536764996312377285E+01
    0.568046196829737183E-92    0.152019320307783937E+04    0.148086398452265394E+04   -0.129388158953872656E+01   -0.418682312268605639E+00    0.104536956646573529E+02    0.212323219759973769E+01   -0.380831106031890121E+01   -0.130441281396359514E+02    0.616432205091285823E+00   -0.411826433410000448E+01   -0.485011879372028698E+01
    0.154786528611939451E-98    0.155042453582369285E+04    0.138587757544917849E+04   -0.100138730821619504E-02   -0.120802139911819717E+01    0.929420473655872215E+01    0.868280997641323715E+00   -0.522773084884088490E+01   -0.102506382420168478E+02    0.615320408212358227E+00   -0.273954885145422455E+01   -0.239317010399964447E+01
    0.782202512459972544E-98    0.154718440234077070E+04    0.125398330331978059E+04    0.947056132970420350E+00    0.155766704972033931E+00    0.826644078165484686E+01    0.156173193100418661E+01   -0.500851899904562803E+01   -0.646505992419831443E+01    0.615747505739147383E+00   -0.524465571555344301E+01   -0.207341275371733591E+01
    0.453887740184812074E-97    0.154366775970520075E+04    0.142264797885028975E+04   -0.113989822107968908E+01   -0.172931970539002289E+01    0.976526841313834026E+01    0.252916575459170634E+01    0.340709570886126301E+00   -0.581357514913417894E+01    0.617338742118416994E+00   -0.263309309041323525E+01   -0.237993571059528186E+01
    0.651843818628051013E-71    0.142320942468530984E+04    0.177472429045663080E+04    0.766617994033204297E+00   -0.459263352952463233E+00    0.963784153343121552E+01    0.404342417725214354E+01    0.474869391968627319E+00   -0.849404820669602145E+01    0.614092904237610648E+00    0.916699783438317262E+00   -0.216927262328123494E+01
    0.101430671239676004E-75    0.144535096436550543E+04    0.112645586342851720E+04   -0.379716830032508224E-01   -0.163431478833901567E+01    0.995941594329778823E+01    0.116239959296888040E+01   -0.145781065124781684E+01   -0.571625028247039246E+01    0.616097766422555093E+00    0.164636272457274124E+01   -0.796889720015506064E+00
    0.304897486868956247E-98    0.154906867846652131E+04    0.174681382867240018E+04   -0.258798518402752586E+00   -0.124766110527597518E+01    0.940956319532049079E+01    0.297433094186645164E+01   -0.552532677327924659E+00   -0.125767985330300931E+02    0.614356221711721995E+00   -0.583814127248903247E+00   -0.270639243608223978E+01
    0.273128657910240308E-96    0.154007840340037978E+04    0.136960304493471631E+04    0.880382874956887829E+00   -0.820191386352268736E+00    0.984531314330139651E+01    0.996483121597418808E+00    0.121390131576291083E-01   -0.911394610405816863E+01    0.615723622087960165E+00   -0.822496609620940511E+00   -0.189080409699280860E+01
    0.508734502605766577E-76    0.144673103304858250E+04    0.171150705142888387E+04    0.116488852737000270E+01   -0.968016012202043807E+00    0.841015458592014298E+01    0.517089491014243130E+01    0.660007095372138863E+00   -0.424424492682481436E+01    0.614267485737764241E+00   -0.250765694780146164E+01   -0.529397328058295535E+00
    0.300846810813344133E-84    0.148462304468360981E+04    0.147501024879793977E+04    0.678196332807255331E+00   -0.119433726993695588E+01    0.772612494707381714E+01    0.294263886636921113E+01    0.118067848855072377E+00   -0.382761179787957140E+01    0.614929324887532380E+00   -0.389760444082799618E+01    0.450516996787291291E-01
    0.901656767460907660E-73    0.143177090719225521E+04    0.166911585970602027E+04    0.234208650316447553E-01   -0.152068472334285465E+01    0.827529776272550066E+01    0.142078799113349774E+01   -0.188871984700335283E+00   -0.622451497795553443E+01    0.615102788674339207E+00   -0.358130794480560422E+01   -0.454863896437190718E+00
    0.214803873067751471E-84    0.148529679629862812E+04    0.150361365154331497E+04   -0.248800048267678875E-01   -0.127914746874666063E+01    0.619314456810581593E+01    0.406334101849481932E+01   -0.880742457830452352E-01   -0.442108840242195456E+01    0.615434328113707796E+00   -0.284340047607695112E+01   -0.794292812320498420E+00
    0.106543628844814573E-72    0.143143709573024626E+04    0.161366336716284218E+04    0.317722132241819111E+00   -0.180896856113418902E+01    0.808148086999970516E+01    0.221778595866043160E+01   -0.184231412588408272E+01   -0.740335791631223028E+01    0.615012768205218774E+00   -0.463125909640171862E+00   -0.995614792796528647E-01
    0.854316586108607276E-76    0.144569428192810756E+04    0.141331392975746894E+04   -0.124203904995866088E+01   -0.663975137638688429E+00    0.834696694939154327E+01    0.332998047402008890E+01   -0.493200687607540100E+01   -0.123154908629890407E+02    0.617265563267312523E+00   -0.474585326316675005E+01   -0.277569787243996258E+01
    0.575703456378332733E-86    0.149253540206673688E+04    0.166290725740497805E+04   -0.116313265956932188E+01   -0.158084857980096416E+00    0.688620692810905943E+01    0.249867010473826046E+01   -0.301175114641173858E+01   -0.144194603604056688E+02    0.617501996613233572E+00   -0.411852820299891498E+01   -0.122872863649577724E+01
    0.146977305339547459E-77    0.145381949940490949E+04    0.167294949402111297E+04    0.123793071031124402E+01   -0.162449210403572764E+01    0.794343100815063696E+01    0.338786208827245350E+01   -0.339765438548741061E+01   -0.949778897939280142E+01    0.614570610011669016E+00   -0.486930797997072506E+01   -0.180179059694600330E+01
    0.178335277969628921E-95    0.153632578840618271E+04    0.140550535588267348E+04    0.712012817704315459E+00   -0.197979685604535161E+01    0.669549009605973211E+01    0.455543906859314163E+01   -0.576391130241160354E+01   -0.772105025229867792E+01    0.615821994131977801E+00   -0.521936042618891705E+01   -0.529542899220373009E+00
    0.226436611446441850E-71    0.142532410457862852E+04    0.147317446807146553E+04   -0.636798410216965705E+00   -0.178139130451724914E+01    0.788385147578721224E+01    0.190063092802938671E+01   -0.355638422369807783E+01   -0.122318770139979360E+02    0.616164061022512310E+00   -0.545523930701477333E+01    0.395987878517090053E-02
    0.506666254675538591E-81    0.146976503150362851E+04    0.154876729248161087E+04   -0.272886456725660809E+00   -0.178795282742820305E+00    0.656807930130929485E+01    0.176548266848840596E+01   -0.349062826456879449E+01   -0.141150777286752778E+02    0.616493824049851202E+00   -0.533400297140528323E+01    0.109521786266635779E+01
    0.215376982405295958E-66    0.140239840393938766E+04    0.955094835043640614E+03   -0.274650947271360746E+00   -0.567975294013085996E+00    0.520072469534792781E+01    0.121471361215537943E+01   -0.285326498685660690E+01   -0.135298178691461413E+02    0.617021805523990996E+00   -0.298388920569656424E+01   -0.205199491044288251E+00
    0.469348142360664335E-81    0.146991804692593678E+04    0.112667737510963434E+04   -0.258918056290769805E+00   -0.687741605389236232E+00    0.564309965729951735E+01    0.942785699688206913E+00   -0.299851196842328438E+01   -0.126308951627888888E+02    0.616547507383824134E+00   -0.219742311101539078E+01   -0.596753345636283861E+01
    0.588250988141401303E-73    0.143262506762497787E+04    0.149087650710990033E+04   -0.157201991743422953E+01   -0.108023575994420362E+00    0.611249616426301667E+01    0.587950219553816322E+00   -0.205559887149832576E+01   -0.140876045402590115E+02    0.617172454828395445E+00   -0.520561025981200576E+01   -0.170557534148264356E+01
    0.618296462461788344E-82    0.147397197060337226E+04    0.113867532335917258E+04   -0.248547013858665622E+00   -0.318459659571082243E+00    0.686518881174702678E+01    0.161747468292468732E+01   -0.128100694382484726E+00   -0.138619761860717077E+02    0.616414786163492656E+00   -0.558809980097086623E+01   -0.267834747079592450E+01
    0.233931625440885010E-74    0.143907448747839749E+04    0.106423077742419218E+04   -0.199056085221615797E+01   -0.115660342837708541E+01    0.603976132930957021E+01    0.164194002751804891E+01   -0.476510753776089047E+01   -0.125657128081637897E+02    0.617372278464841662E+00   -0.451419633846729695E+01   -0.206846500288478996E+01
    0.707721699282477677E-97    0.154277935763088499E+04    0.114087826141582536E+04   -0.243678134505711963E+00   -0.161579321920176966E+01    0.553535991727792442E+01    0.392832048982911575E+01   -0.469456807418954991E+01   -0.900063224999044920E+01    0.617096602808021255E+00   -0.572766711503023096E+01   -0.113226500434196886E+01
    0.283873861603555683E-58    0.136500476226953651E+04    0.171287081115979504E+04   -0.160290221758141471E+01   -0.898012755126339934E+00    0.650307356157936667E+01    0.101992332661489971E+01   -0.440713324399341566E+01   -0.830289795636647199E+01    0.617086196558906064E+00   -0.391165174360348544E+01   -0.609267834597219782E+00
    0.726305351317869842E-65    0.139536207251087876E+04    0.165860825110342466E+04   -0.391738802455251278E+00   -0.190050767971854984E+01    0.630577594236004302E+01    0.102342890492424021E+01   -0.330330645372255738E+01   -0.142067098440817183E+02    0.615420321643685209E+00   -0.462919410463626946E-01   -0.692808587283514576E+00
    0.145759419403371297E-95    0.153672920423099140E+04    0.116527932859331167E+04    0.357430554545016488E+00   -0.331207496873714424E+00    0.781897117149646181E+01    0.405633555762274334E+01   -0.548455868830999904E+01   -0.787849281333997542E+01    0.616722729073392095E+00   -0.286778075851173186E+01   -0.217626671695679530E+01
    0.170283367976391484E-93    0.152720785091992275E+04    0.993240585496149833E+03    0.588886648789883616E+00   -0.704078514925362775E+00    0.680060247175295629E+01    0.273970331637465092E+01   -0.365975405494343908E+01   -0.861284540942807020E+01    0.616419650400507946E+00   -0.482701876000355856E+01   -0.146610374529352505E+01
    0.127958007183439951E-59    0.137120358815352574E+04    0.123651639434138770E+04   -0.753051364519081723E+00    0.369082413126360365E-01    0.712946822648507350E+01    0.111250120415543918E+01   -0.377227817388578446E+01   -0.457155246154328943E+01    0.617589896963927742E+00   -0.590328062657064567E+01   -0.523857346941783319E+01
    0.653153982939500837E-58    0.136333819643004313E+04    0.102332271182402303E+04   -0.123716135327103238E+01   -0.450885122050144860E+00    0.616852348677200801E+01    0.148517209234411274E+01   -0.525660611469504691E+01   -0.687875019663318810E+01    0.617549141417958580E+00   -0.497438605018598601E+01   -0.427392583818760485E+01
    0.556183892567626602E-85    0.148799921930845267E+04    0.139856400706535442E+04   -0.274185317271531614E+00   -0.185363868114101660E+00    0.520033360905344200E+01    0.282479236828786817E+01   -0.538533902184925406E+01   -0.119051131514853434E+02    0.616857078085333854E+00   -0.412574413174363563E+01   -0.326205518524457760E+01
    0.229678195858827473E-94    0.153121459058401433E+04    0.136122966401077133E+04   -0.196898437790383407E+01   -0.639035687413707088E-01    0.585843957325163966E+01    0.217887071455374048E+01   -0.300196395379838910E+01   -0.109590024773226649E+02    0.616820875240043143E+00   -0.369840848662289146E+01   -0.592307551041237357E+01
    0.235905734161347180E-58    0.136537495766254165E+04    0.109867057507593950E+04   -0.219149508750400290E+00   -0.843206886479378248E+00    0.540977521920843341E+01    0.199597653481426995E+01   -0.525921698715657726E+01   -0.104922801157293488E+02    0.616908469751095589E+00    0.275112402223030017E-01   -0.559845563474805630E+01
    0.238930947215189461E-66    0.140219083456507178E+04    0.102286997779810304E+04   -0.150663990171348017E+01   -0.285159130376413827E+00    0.554496553226919886E+01    0.292105157479369515E+01   -0.599480600832549815E+01   -0.106990930338655303E+02    0.616493196465966786E+00    0.525155884395864803E-01   -0.287167066367996204E+01
    0.503560135886317153E-79    0.146056698987421669E+04    0.139177845710090764E+04   -0.565527413741601759E+00   -0.324869944933558807E+00    0.762718235903793040E+01    0.520668293665855408E+01   -0.420679451074286170E+01   -0.873049751865392309E+01    0.616579260923828754E+00   -0.484091605485028964E+01   -0.367661243864532494E+01
    0.103225493643028723E-89    0.150978826630766639E+04    0.148994810858348160E+04   -0.311474502610860293E+00   -0.220773107952609626E+00    0.806479583680095757E+01    0.388904312738621227E+01    0.299816307753044242E+00   -0.131169028498858751E+02    0.615986879602999027E+00   -0.451986559071792371E+01   -0.302309495581151522E+01
    0.434945336744437019E-56    0.135494104115691721E+04    0.116852244965739578E+04   -0.106481162264471463E+01    0.339213400753743954E-01    0.795366850006454573E+01    0.432721351973449764E+01   -0.406150333029872890E+01   -0.994846279084579876E+01    0.617611319940123638E+00   -0.478813664449477816E+01   -0.781960439756310244E+00
    0.628567313684803506E-44    0.129894255339729398E+04    0.846253883035450713E+03   -0.293497320589910737E+00    0.164448478778680851E+00    0.101817835297309731E+02    0.466391148011771239E+01   -0.441531688335461858E+01   -0.886664292380574182E+01    0.616569698889664508E+00   -0.532007307234263394E+01   -0.402909520692834455E+01
    0.366439419760272421E-43    0.129541660303275421E+04    0.900883269603879171E+03   -0.999088681858923966E+00   -0.659644539718233780E-01    0.105709449721717732E+02    0.353274863068986944E+01   -0.425869509627314269E+01   -0.739133594212698952E+01    0.617148419477111410E+00   -0.407060539255956222E+01   -0.181727030160862313E+01
    0.565587543256986715E-95    0.153401738895073413E+04    0.886279565898583996E+03    0.912311175228309068E+00    0.292769493844909690E+00    0.610917148727309289E+01    0.506959430943007661E+01   -0.369477899456792391E+01   -0.968790201006958185E+01    0.617133137927662889E+00   -0.396837806634758206E+01    0.102054731239096608E+01
    0.173467220958671832E-62    0.138441052568722648E+04    0.797099338964166009E+03   -0.944397471941990307E+00    0.752840455339596204E-01    0.592875352632940000E+01    0.487274795645994274E+01   -0.531704073466204097E+01   -0.572476258342092770E+01    0.616669695089456571E+00   -0.398481941552887742E+01    0.305786446126319333E+00
    0.432849113447653745E-97    0.154376268110453066E+04    0.140355820383977607E+04   -0.605343596485200308E+00   -0.149511790128392441E+00    0.661502016454910091E+01    0.539672137016484221E+01   -0.456236829639338293E+01   -0.587444543812406295E+01    0.617513269038333035E+00   -0.593981450020820922E+01   -0.353070215092277095E+00
    0.153755858873526560E-88    0.150438619580469799E+04    0.121617227413094406E+04    0.224508518909543486E+00   -0.184945367093427571E+00    0.750513733186971788E+01    0.489769555429760128E+01    0.115301223370213535E+00   -0.639088646428002249E+01    0.616693517400907942E+00   -0.509031317006581130E+01   -0.340116570823979236E+01
    0.116874228769511021E-53    0.134375377454237787E+04    0.967471263530168699E+03   -0.113208156937849647E+01   -0.991398920198385269E-01    0.658934208916283737E+01    0.355972567592769273E+01   -0.212281018542903110E+01   -0.711130680694911810E+01    0.616909345963354561E+00   -0.260273182555525251E+01    0.827855416444228887E+00
    0.586710275524255047E-62    0.138197344073415479E+04    0.924858054136553392E+03   -0.583752425805867947E-01   -0.716411820005351530E-01    0.768960863065819034E+01    0.312294036204262548E+01   -0.376990602057372115E+01   -0.740634904762699087E+01    0.616916598627577306E+00   -0.449711642550128587E+01   -0.230671102670250372E+01
    0.236267392518495542E-57    0.136076672369839730E+04    0.973736531206675409E+03   -0.988356384753602324E+00   -0.538784264531998014E+00    0.836695190426451418E+01    0.307185237284359935E+01   -0.499302458059798138E+01   -0.957119762503636373E+01    0.616986293863341251E+00   -0.507739363098340313E+01   -0.305605866789141967E+01
    0.282239553681909005E-70    0.142027835209887303E+04    0.111666264396630004E+04   -0.164764356988861049E+00   -0.124402456884925794E+00    0.542670293795510705E+01    0.358915823736276929E+01   -0.375540532225707091E+01   -0.132232086402689806E+02    0.616883239906815928E+00   -0.560158787912883582E+01   -0.359221336978875039E+01
    0.208472802383134923E-75    0.144391009823471359E+04    0.135929901146534098E+04   -0.747365578224374216E+00   -0.945910086337011791E-01    0.743677798644761268E+01    0.462283167947790385E+01   -0.260739207311755550E+01   -0.106123901446192477E+02    0.616814044515323179E+00   -0.278544215080046609E+01   -0.348537910725373079E+01
    0.910630476988696902E-73    0.143175110065684794E+04    0.146366946056828147E+04   -0.134751394329543550E+01   -0.547947661912271400E+00    0.712850604920905351E+01    0.540362852130813387E+01   -0.239268649953493462E+01   -0.132190977035236887E+02    0.617244140736341373E+00   -0.277630137682359290E+01   -0.213134688120059046E+01
    0.921223320661583297E-92    0.151922620360725841E+04    0.158293575809164668E+04   -0.161681823533844771E+01   -0.224765957902998359E+00    0.553820093003377600E+01    0.573989548174695585E+01    0.262538409227533798E+00   -0.697521271804239618E+01    0.617279317160448149E+00   -0.359132029190575164E+01   -0.157279332812712003E+01
    0.227779410204919941E-69    0.141610193897278668E+04    0.160557670352845412E+04    0.156092478904397147E+00   -0.159739510463932444E+01    0.979323794070039533E+01    0.384193167707504424E+01    0.134021084500235865E+00   -0.414745814840485139E+01    0.615323339431456340E+00   -0.534323078905472393E+01   -0.350507804127767653E+01
    0.768317336634569158E-84    0.148274784139256076E+04    0.175487437864035792E+04    0.861739420088594166E+00   -0.339036835973308692E+00    0.889234710143948170E+01    0.203765770381089961E+01   -0.595690357595938025E+00   -0.114541926203137088E+02    0.614061622731537193E+00   -0.373707819925172036E+01   -0.480831768466010079E+01
    0.670972787760914950E-86    0.149222913029483880E+04    0.147607848849729567E+04    0.326602396640196524E+00   -0.127445422712549172E+01    0.849451198921331674E+01    0.200699999343901947E+01   -0.110945641477436396E+01   -0.822442080581784296E+01    0.615779831642383035E+00   -0.335869318568663777E+01   -0.398155511255017780E+01
    0.404877962356581131E-68    0.141034635272147898E+04    0.159030815046658518E+04   -0.132279168278191861E+00   -0.181230260191173231E+01    0.565611026481525947E+01    0.508572485967620924E+01    0.123275105875640278E+00   -0.963716626727677372E+01    0.615626032982926175E+00   -0.495842493442866417E+01   -0.488821651832405202E+01
    0.107045005449204901E-82    0.147747940799827074E+04    0.152153092850447933E+04    0.453278965756173768E+00   -0.169826248753425668E+01    0.537569929522418377E+01    0.478566833435356020E+01   -0.724883929648540537E+00   -0.119465456960593066E+02    0.615535473940329148E+00   -0.301650865164081017E+01   -0.245477573317169950E+01
    0.174684779713922957E-73    0.143505340885792953E+04    0.151337300566552221E+04   -0.905614622550041881E+00   -0.112696823137834268E+01    0.765539682338046923E+01    0.554824738118217375E+01   -0.253187793127308325E+01   -0.137536481923326086E+02    0.616226155611386606E+00   -0.324077675141649024E+01   -0.351322868035415148E+01
    0.760675780696893826E-86    0.149197817301099803E+04    0.162828067347253750E+04    0.765002500174466249E+00   -0.163987905339072193E+01    0.740135004041828015E+01    0.398207424373256647E+01   -0.114092328993426406E+01   -0.412286272639930651E+01    0.614374230288391221E+00   -0.467167822596520033E+01   -0.409756867124264978E+01
    0.776866394886752604E-75    0.144127917864050323E+04    0.161828863161296067E+04    0.609165920893858459E+00   -0.143033327195380489E+01    0.825708771165884592E+01    0.382951753957475871E+01   -0.121413430390981336E+01   -0.622667943976887983E+01    0.614563119728164908E+00   -0.363199292976186205E+01   -0.428172838227863206E+01
    0.530984352292029106E-83    0.147888161179480539E+04    0.157184533980017454E+04    0.486436249327677928E+00   -0.296682477081096296E+00    0.817501386998333679E+01    0.310487962244159776E+01    0.955352917783923061E+00   -0.909661456040770844E+01    0.615562348977430229E+00   -0.495960331943751243E+01   -0.302605908188824024E+01
    0.128296895114071623E-61    0.138040863866567634E+04    0.173497033300902649E+04    0.240721114889561605E-01   -0.126323143630657420E+01    0.528539172199805307E+01    0.589503188513084098E+01   -0.670313037125283451E+00   -0.115177405870044360E+02    0.614899782371598924E+00   -0.261884805290123213E+01   -0.385941687281202617E+01
    0.164532129486859047E-78    0.145819901423540068E+04    0.156907620602713064E+04    0.719784818610584409E+00   -0.784435130977937156E+00    0.546732036533088728E+01    0.385676005537477629E+01   -0.363693819563255527E+01   -0.556223830370647754E+01    0.614749809605525721E+00   -0.283491106206491628E+01   -0.458698224705498969E+01
    0.466244326372759842E-75    0.144230029580727000E+04    0.168819822638312507E+04    0.587988752864595732E+00   -0.359226019002160557E+00    0.623349925021092499E+01    0.485367341413280684E+01   -0.330699977776121168E+01   -0.935483519935481844E+01    0.614720001690342910E+00   -0.198265625269111201E+01   -0.389347459974847698E+01
    0.897589924658163806E-92    0.151927818195366353E+04    0.150308567564026271E+04    0.129935216435317713E+01   -0.109765116118440664E+01    0.621776485906925735E+01    0.186407143287526011E+01   -0.292661126217422574E+01   -0.613993981619830365E+01    0.615105852674525333E+00   -0.443498865259397856E+01   -0.453644102414500505E+01
    0.487407214317336461E-83    0.147905287701423276E+04    0.176496185507025984E+04    0.495961087988568750E+00   -0.969060542300839156E-01    0.589148831399405726E+01    0.484742770329452188E+01   -0.372968363920816826E+01   -0.365133613412073110E+01    0.615434469878466062E+00   -0.406998319604886838E+01   -0.283476142459851799E+01
    0.318809826370481573E-73    0.143385018550091672E+04    0.168194273617552744E+04    0.271067915690481609E+00   -0.653961390881554250E+00    0.654851672354730141E+01    0.524084038585832346E+01   -0.736892979122479197E+00   -0.142578588547096476E+02    0.615242953234568124E+00   -0.228428426801524154E+01   -0.102428715174745211E+01
    0.723901024672047919E-70    0.141839455512824952E+04    0.941863429239280549E+03    0.947179796461536494E+00   -0.144563730794860001E+01    0.800879402713836441E+01    0.243220669714151683E+01   -0.489061275493233261E+01   -0.759118927761388029E+01    0.616738326357794575E+00   -0.106842466800417846E+01   -0.424948586186933142E+01
    0.297154681497898672E-95    0.153530461349882307E+04    0.139464112400606109E+04   -0.346801914161315894E+00   -0.156634284392049139E+01    0.604427595209443069E+01    0.474527111424434622E+01   -0.237884061800517754E+01   -0.135631978966466047E+02    0.616774832213433766E+00   -0.360525117447367549E+01   -0.508684699192236423E+01
    0.391193341071194901E-93    0.152554437492712032E+04    0.144497825620948311E+04    0.652380124364057679E+00   -0.157880426810782315E+01    0.814529005874387124E+01    0.190185664516350217E+01   -0.141937465376979688E+01   -0.125008279779718627E+02    0.615721410679070491E+00   -0.846150544609930222E+00   -0.408101703405495897E+01
    0.100909228743272291E-62    0.138549406021905497E+04    0.167953227142293440E+04    0.158740577818887729E-01   -0.186624249913683515E+01    0.591631887947339585E+01    0.513392425649648132E+01   -0.385546952622512729E+01   -0.967157059704618405E+01    0.614899028523206659E+00   -0.139065115957376850E+01   -0.384519297744630562E+01
    0.874027114437874535E-94    0.152854172614841946E+04    0.171278659850801250E+04   -0.362974826551798468E+00   -0.989646997047494592E+00    0.723405073133347987E+01    0.480926725859669180E+01   -0.372840116257700194E+01   -0.134765527702384738E+02    0.614698251827074271E+00    0.230335897670624234E+00   -0.372736426823301370E+01
    0.192384508465630555E-90    0.151314827616626530E+04    0.127619614516322417E+04    0.267652139349381812E+00   -0.172019227565153043E+01    0.758517929497796928E+01    0.553667369737498660E+01   -0.394044191411960831E+01   -0.128390288317909587E+02    0.615464941630559759E+00    0.116349502360512691E+01   -0.296088495561376952E+01
    0.295990685091697655E-85    0.148926076130255569E+04    0.161536878531150455E+04    0.109132025492104390E+01   -0.130341199076615455E+01    0.678647130192355608E+01    0.170662480653155990E+01   -0.437264781942343639E+01   -0.135538897995735077E+02    0.614113785786978061E+00   -0.797671334904820561E+00   -0.471709421751072888E+01
    0.299694604183413585E-75    0.144318418747156056E+04    0.140588787997586633E+04    0.414484843806441017E+00   -0.152171595726786291E+01    0.758935022390099157E+01    0.364988459926149433E+01   -0.529033724372096259E+01   -0.120695423818729886E+02    0.615800829503549307E+00    0.193497738920265405E+01   -0.525256482408259462E+01
    0.175444390666730969E-92    0.152254296431276725E+04    0.152283100825635438E+04    0.483628928600744246E+00   -0.120831420490349783E+01    0.730840752022775586E+01    0.497988189977884144E+01   -0.571258766484983127E+01   -0.616313450736506496E+01    0.615669351478423499E+00   -0.340403482052464668E+01   -0.401728277950287005E+01
    0.136486600308811408E-55    0.135265385880485996E+04    0.876760305065234206E+03   -0.227422231861379665E+00   -0.161184314380866223E+00    0.638141422493025523E+01    0.231510052338091921E+01   -0.473807359349001089E+00   -0.101899615363755540E+02    0.617497661730955327E+00   -0.190617296282735982E+01   -0.299994393992459241E+01
    0.127133083871629908E-64    0.139424237448131203E+04    0.912375977648502499E+03   -0.164922784190566230E+01   -0.972152313656145628E+00    0.723265570428635396E+01    0.526136517841617080E+00   -0.181206261801518931E+01   -0.106242529714874685E+02    0.617515619717798225E+00   -0.424017511681284986E+00   -0.376387932368093425E+01
    0.581098084355563025E-92    0.152014776944857545E+04    0.567579152539555025E+03   -0.150948138976382529E+01   -0.138493428683283959E-02    0.849711201890348633E+01    0.313108908685858545E+01   -0.287502998784425490E+01   -0.104873088877438470E+02    0.617670882689920542E+00   -0.902355876947735780E-01   -0.546301447324178913E+01
    0.161414238327748055E-64    0.139376489542671607E+04    0.841045805569867980E+03   -0.190963120685956289E+01    0.233817217533348387E+00    0.612295760305920744E+01    0.175956611089370196E+01   -0.559628519563181825E+00   -0.105948366173890918E+02    0.617326690985079418E+00   -0.477013156799937033E+01    0.893733745560322035E+00
    0.158128914929840959E-97    0.154577663826825119E+04    0.663609566083388700E+03   -0.196469067543987008E+01   -0.132540056641388126E+00    0.765207860145750196E+01    0.412628652369594029E+01   -0.339144393264614186E+01   -0.121382014790148993E+02    0.617390722096516797E+00   -0.176912716449402474E+01    0.197036987573640943E+01
    0.153876782793729216E-41    0.128794162474731911E+04    0.116650761791827654E+04   -0.170786972783313251E+01    0.660284741319991930E-01    0.548482872982090086E+01    0.126041110677904800E+01   -0.212986136331150000E+01   -0.864135938117126834E+01    0.617884984104314583E+00   -0.237626518927119612E+00   -0.537027965725563927E+01
    0.659437391022063669E-82    0.147384313264639286E+04    0.801514343023621223E+03   -0.194816612547308088E+01   -0.389063743544252327E+00    0.696367552448098159E+01    0.228189320051121003E+01   -0.251238630055295831E+01   -0.851357561311782085E+01    0.618122458176197487E+00   -0.483065064900391850E+01   -0.373411605050468376E+01
    0.264451312203581912E-81    0.147106542220867186E+04    0.126296417603250529E+04   -0.113998589471445677E+01   -0.910817112609341173E-01    0.611953062667531356E+01    0.304178111350878932E+01   -0.232347177672980632E+01   -0.840352288301786388E+01    0.618025960146973641E+00   -0.148101169090724305E+01   -0.167557255612701184E+01
    0.683111261781982760E-57    0.135864333656820145E+04    0.107848615414893834E+04   -0.186850842990383947E+01   -0.216821219008374255E+00    0.642988809209597001E+01    0.273705573972502592E+01   -0.468574733278870337E+01   -0.875886838759971909E+01    0.618073384528528558E+00    0.144546354335405702E+01   -0.224004092152632950E+01
    0.227438218465589324E-51    0.133321187367939729E+04    0.857299612194971814E+03   -0.151989511054283755E+01   -0.170614449190560347E+00    0.831309391414211873E+01    0.106348770028949291E+01   -0.509569477784522107E+01   -0.110759588889232319E+02    0.617236945495931111E+00   -0.149092192161168668E+01   -0.401606966308927227E+00
    0.125914623184766135E-98    0.155083742152247032E+04    0.837460056419205898E+03   -0.230133634654102526E+00   -0.627054396616686383E-01    0.772703395224772649E+01    0.717088048271983247E+00   -0.111313896381432720E+01   -0.138796113156620233E+02    0.617985330788985099E+00    0.793086504374934442E+00   -0.114712416836226438E+01
    0.390691727884743952E-92    0.152094177091498659E+04    0.456701007296614648E+03    0.118211187167127330E+01   -0.196633558277373499E+00    0.885877212617586451E+01    0.196563922355132648E+01   -0.402526617841508561E+00   -0.760525052228503107E+01    0.617451661637867799E+00    0.100155536476419194E+01   -0.272461200485862909E+01
    0.602278554355106908E-90    0.151086582809525453E+04    0.944326582648377098E+03    0.935112214552949794E+00    0.170395245399389328E+00    0.709560909029487696E+01    0.813558139758134180E+00   -0.247630711581751761E+00   -0.109789362340118561E+02    0.617153812148310443E+00    0.108355666238857395E+01   -0.435823316434536956E+01
    0.141215761854474273E-88    0.150455634993622061E+04    0.675920848514672798E+03    0.894940159520571044E+00   -0.122138806670732558E+01    0.670471131659924957E+01    0.636651596436589529E+00   -0.673652875999710687E+00   -0.720437611357933072E+01    0.616714622505228793E+00   -0.514384876261087420E+00   -0.278487219612254178E+01
    0.518484887395174809E-69    0.141445687253490246E+04    0.670817200562707512E+03    0.984225527298706826E+00   -0.890140000881689542E+00    0.732125331932067347E+01    0.285460935725615395E+01   -0.291440417178173883E+01   -0.696843285468659701E+01    0.617232808122156640E+00    0.159174136639666486E+01   -0.440245407675131428E+01
    0.228322899024782814E-33    0.125031104589856659E+04    0.896142617809006765E+03   -0.613367012415495516E-01   -0.217203421581052991E+00    0.705837280256281119E+01    0.202994161448400678E+01   -0.265447958533372930E+01   -0.795326191274496530E+01    0.616615947815035925E+00   -0.168509251207012944E+01    0.167284399699919550E+01
    0.102653194019975368E-71    0.142690632215057803E+04    0.135112036295026610E+04   -0.171020013364788270E+01   -0.125852720166663512E+01    0.851758991504112650E+01    0.464851099663369194E+01    0.321626930120476828E+00   -0.125148539841097453E+02    0.617510541552339975E+00   -0.218304176956693796E+01   -0.352166469090872258E+01
    0.107697129037457394E-57    0.136233800621043088E+04    0.725892471446703667E+03   -0.527036872762390640E+00   -0.376196993693316717E+00    0.947886471538781805E+01    0.392952985539919908E+01   -0.905688105942519250E+00   -0.100494678134921109E+02    0.617110698746846653E+00   -0.542368030411338431E+01   -0.427328177587397384E+00
    0.323254164029923916E-64    0.139237596556722974E+04    0.840685407347498199E+03   -0.110000346948358363E+01    0.107535830293272294E+00    0.829702063802873013E+01    0.293912845203730333E+01    0.125425089111804233E+01   -0.105681863035262111E+02    0.617932077711891403E+00   -0.475387528543930671E+01   -0.116549583082731534E+01
    0.473609191015009318E-50    0.132713969578188971E+04    0.901374123639153254E+03   -0.809907228195847706E+00   -0.393212000865911016E+00    0.888336746190921644E+01    0.169884096191747935E+01    0.228891765591388463E+00   -0.145284273966821988E+02    0.617301080949120284E+00   -0.330259236692763114E+01   -0.366362507506864254E+01
    0.121891837139000772E-64    0.139432657522457362E+04    0.600641155251731561E+03    0.122769137639179071E+00   -0.412407326602342028E-01    0.924607088327044302E+01    0.127206879523041971E+01   -0.230664965095042973E+00   -0.134753134503143635E+02    0.617043193667986989E+00   -0.275288036159871075E+01   -0.155539578739327400E+01
    0.632613819136137908E-28    0.122524699635909110E+04    0.103157314202735620E+04   -0.413946813461053109E+00   -0.381504600919204684E-01    0.108398182126332117E+02    0.140643105235688193E+01   -0.302038377808516190E+01   -0.138892350658871369E+02    0.616875275128361156E+00   -0.172401613696227951E+01   -0.496525452176304150E+01
    0.468099629121978598E-56    0.135479411956598801E+04    0.799035012556900483E+03   -0.274804079142466851E+00   -0.295725256936678615E-01    0.105567123426954925E+02    0.610294597723150201E+00   -0.260014764486872796E+01   -0.117601214314315445E+02    0.617478069196017776E+00   -0.400187748592280101E+01   -0.374174933304260104E+01
    0.124584127052313547E-96    0.154164832690350295E+04    0.121127142967258237E+04   -0.189421392316564430E+01   -0.110224375741793779E+01    0.822829905050170929E+01    0.337417725379393252E+01    0.877522375240388008E+00   -0.133654927072942886E+02    0.618248742879339175E+00   -0.394192077125056883E+01   -0.411344015761984849E+01
    0.297749874931650598E-74    0.143859203764939389E+04    0.928304119295944133E+03   -0.143155892218421954E+01   -0.375598467785604129E+00    0.614244887346976753E+01    0.270441043428222994E+01   -0.875372134014105185E+00   -0.143230577758142665E+02    0.616719985506272605E+00   -0.308405871373021689E+01   -0.746541076609460674E+00
    0.383666223622981601E-35    0.125848336204165707E+04    0.107616518044302347E+04   -0.133196251454020276E+01    0.415343048864031950E-01    0.738820762401388542E+01    0.216061459990362392E+01    0.725746666419698094E+00   -0.102908041884930945E+02    0.616680159680100259E+00   -0.146989550132899804E+01   -0.397804114413231913E+01
    0.159169070381270253E-91    0.151813250444155142E+04    0.706431028866683164E+03   -0.199894669549208048E+01    0.723289434657954367E-01    0.108674472836860030E+02    0.422269274939435846E+01   -0.272520387582363721E+01   -0.903498600128488505E+01    0.618243904447737136E+00   -0.186555703653513039E+01   -0.401925850150728259E+01
    0.130409747653222988E-88    0.150471556503232682E+04    0.104877062362977404E+04   -0.182167073105025779E+01   -0.748132121325701727E+00    0.943580589563178229E+01    0.275427150697408951E+01    0.731541666613341413E+00   -0.878030864375448061E+01    0.616817609529034083E+00   -0.413387191630930406E+01   -0.554611310899951171E+01
    0.974469360939368813E-57    0.135793286590867274E+04    0.148552036393052163E+04   -0.165069426226533067E+01   -0.463194287958510476E-01    0.102753278829649481E+02    0.389985947711537051E+01   -0.245039591669824963E+01   -0.139883786590066919E+02    0.617348310790575727E+00   -0.103787667596079469E+01   -0.263821195380724172E+01
    0.944247567503391269E-90    0.150996649143063587E+04    0.694818641996701331E+03   -0.105235572408432798E+01   -0.577569080981953809E+00    0.749595009367155463E+01    0.346047367065851486E+01   -0.741633143813457352E+00   -0.128114207697967313E+02    0.618101208250954826E+00   -0.577211180131571666E+01   -0.214643954829769568E+01
    0.231833378552554980E-80    0.146672352850621155E+04    0.132261235565700736E+04   -0.175227561275826593E+01    0.647562114522268750E-01    0.814125612171377533E+01    0.144709803786791724E+01   -0.230851044729350896E+01   -0.147669844221681341E+02    0.618313133611791632E+00   -0.348671088712792399E+01   -0.430025181839546278E+01
    0.135628800029296575E-56    0.135727163839288642E+04    0.140204654511026274E+04   -0.180559884865257736E+01   -0.173166787278742351E-01    0.820880368848693109E+01    0.356914430248798675E+01   -0.239293779668744921E+01   -0.147941820699766691E+02    0.617533097548452536E+00   -0.166639185932370637E+01   -0.373691325882064129E+01
    0.305511672924218024E-76    0.144775090962349850E+04    0.864296256884735612E+03    0.484325306562714886E+00   -0.102271135425324000E+01    0.731634874655113876E+01    0.419277337994310351E+01   -0.279807121909422296E+01   -0.128141356777441331E+02    0.615743269769451707E+00   -0.106385796836088797E+01   -0.206172258202823455E+01
    0.203437887682113066E-56    0.135646076040187290E+04    0.760677211556421298E+03    0.498342479693211882E+00   -0.986351784038526302E+00    0.100743175981890811E+02    0.591194047879949913E+01   -0.250004216885054920E+01   -0.923922846616063786E+01    0.617235344098065020E+00   -0.186695445509784985E+01   -0.345876113764138049E+01
    0.122529465035373363E-92    0.152326090550963477E+04    0.912996339254851023E+03    0.583451615663221901E-02   -0.914751437359649255E+00    0.875352333911498270E+01    0.487814419861949133E+01   -0.186635131883930416E+01   -0.119714423907515854E+02    0.616189462453125780E+00   -0.369193647523910062E+01   -0.120764529662882225E+01
    0.466715770307801673E-98    0.154821718880251319E+04    0.926187312628344671E+03   -0.489836168740205302E+00   -0.611504604820837461E+00    0.910282861131681820E+01    0.521772940966517762E+01   -0.146722723519921416E+01   -0.126646403161426377E+02    0.616138789648964735E+00   -0.332255244323592169E+01   -0.142913854026237441E+01
    0.224301721040527429E-97    0.154507747527462675E+04    0.733402803298259641E+03    0.550389175067588887E+00   -0.116312618014221814E+01    0.741199773776913862E+01    0.529273705500936220E+01    0.146875395416489063E+01   -0.950272969535081025E+01    0.616261034358095094E+00   -0.402190196321081839E+01   -0.162469674737521164E+01
    0.698475690311397897E-73    0.143228157428901159E+04    0.915039535482285714E+03   -0.912772876997758331E+00   -0.101545724301360019E+01    0.854080735016443171E+01    0.574034071508279453E+01   -0.403127813313681749E+00   -0.802092202032834578E+01    0.617695525375906662E+00   -0.332057079379341991E+01   -0.861474720018991391E+00
    0.287767021457046134E-47    0.131432064780513133E+04    0.839230644637832825E+03    0.106943041448722109E+01   -0.759925043049388460E+00    0.847307211145520256E+01    0.571841890377550666E+01    0.192293789976927698E+00   -0.924007469109351476E+01    0.616517127077959914E+00   -0.142032028772107299E+01   -0.596648427535897152E+01
    0.119977007243192876E-47    0.131607034996786342E+04    0.102534559896687665E+04    0.571425619219888770E+00    0.795171798522198436E-01    0.881472350389572767E+01    0.522669988288327669E+01    0.988297809773704294E+00   -0.145173609086457933E+02    0.616665419319778807E+00   -0.281513761712780841E+01   -0.390878156170488156E+01
    0.747825109912854265E-56    0.135385714359726990E+04    0.766141215435601339E+03   -0.372360521807332701E+00   -0.373127801887511268E+00    0.901454691473975345E+01    0.284497925425613474E+01   -0.315346167849403880E+01   -0.114004224372484781E+02    0.616580095600207656E+00   -0.338482734470445301E+00   -0.270207204809384782E+01
    0.611851341203683284E-95    0.153386014043857313E+04    0.107764483386527536E+04   -0.187157022481968682E+01   -0.477208406673229169E+00    0.943874553899161839E+01    0.433550745971333029E+01   -0.959491240100256881E+00   -0.870364227084959907E+01    0.616528858241501942E+00   -0.155070737076836007E+01   -0.406182577040008130E+01
    0.300589085759495488E-32    0.124515590907732621E+04    0.103081148030485792E+04   -0.942582708648169953E+00   -0.242753109355928309E+00    0.859372264498632177E+01    0.439076164956520465E+01    0.689337340171942259E+00   -0.972148687895820807E+01    0.616534081198926831E+00   -0.116393958221881100E+01   -0.547975452963977538E+01
    0.516422226792557949E-71    0.142367518526809090E+04    0.853029936417907493E+03   -0.320623228498218005E-01    0.238999225811938665E+00    0.980347728705506682E+01    0.567709647422272745E+01   -0.220228167389777818E+01   -0.845228437932482635E+01    0.617614959248900752E+00   -0.155910424859890195E+01   -0.338077949498200203E+01
    0.136879801025339341E-78    0.145856701961784756E+04    0.757195248477164569E+03    0.107443263621899510E+01   -0.309330770866753646E-01    0.880676646870090174E+01    0.540288574889556550E+01   -0.335882932676495649E+01   -0.101679007947021809E+02    0.615682607598735498E+00   -0.745431975509450062E+00   -0.521271673429592219E+01
    0.191472252334107891E-90    0.151315778239819520E+04    0.121461932807844869E+04   -0.179375219141923892E+01   -0.226200654094729448E+00    0.102933380943363275E+02    0.468924892172501373E+01   -0.451069660448843557E+00   -0.579352837841129187E+01    0.617540991197643274E+00   -0.258270481318683798E+01   -0.339151816146914697E+01
    0.611522624473265936E-61    0.137728542890240215E+04    0.788028364916887313E+03    0.108226811612877283E+01   -0.609033943980335390E+00    0.850669014749879082E+01    0.445712778561546141E+01    0.950463429004337002E+00   -0.131992407794478357E+02    0.616972033304150402E+00   -0.228758395958986638E+01   -0.514009046413876369E+01
    0.304194560189140733E-94    0.153065261395090602E+04    0.883535542028667578E+03   -0.150938760286840923E+01   -0.188134367238520506E+00    0.950804734325515710E+01    0.211661985709407485E+01    0.148394925114335852E+01   -0.131021146288857757E+02    0.618397482790328912E+00   -0.390775762170778496E+01   -0.325693359949602490E+01
    0.104513113894971069E-51    0.133476700583735010E+04    0.128441146697892827E+04   -0.122075480533029812E+01   -0.179669628071250642E+00    0.102047695973400216E+02    0.497801177321299626E+01   -0.421349017933599512E+01   -0.100423126922690891E+02    0.617539445319304381E+00   -0.113773195721792675E+01   -0.220043605161356481E+01
    0.149751777526728827E-67    0.140773039571008508E+04    0.755095421460983516E+03   -0.150098000857045077E+01   -0.134738722782425935E+00    0.698193482947635147E+01    0.553827472017775690E+01   -0.477714993082046213E+01   -0.693240884779259758E+01    0.617295813299810758E+00   -0.556266316183346987E+01   -0.433415212945355410E+01
    0.212134667881509917E-93    0.152676833616183330E+04    0.678450563457818248E+03   -0.128453777153230719E+01   -0.124702023021363129E+00    0.720001317737267144E+01    0.498936137871703966E+01   -0.512561844022066193E+01   -0.857267088205881223E+01    0.618166408981364990E+00   -0.371572905714691215E+01    0.778634040108224568E+00
    0.565099674228595016E-52    0.133599679687373464E+04    0.107130091235683494E+04   -0.129531422794043083E+01    0.101521251814858271E+00    0.723489064611810750E+01    0.411582441513098285E+01   -0.528056104825974337E+01   -0.454108116908251347E+01    0.617799567440647457E+00   -0.196976144915707874E+01    0.244589109622165068E+00
    0.305596584094585954E-28    0.122670218491126479E+04    0.844005250206894971E+03   -0.292120144269639281E+00    0.280286854820062992E+00    0.619705969966020564E+01    0.352771121908101826E+01   -0.315041829579933674E+01   -0.106162255232639424E+02    0.616766693421798018E+00   -0.274301614186076792E+01   -0.551601704916645197E+01
    0.741165423375888495E-85    0.148742496958403740E+04    0.170663226543840869E+04   -0.197885380903828612E+01    0.178670114160063065E+00    0.688064910068822755E+01    0.537942888612964243E+01   -0.467132831136599513E+01   -0.139360756538236945E+02    0.618349000011703676E+00   -0.191740376062710638E+01   -0.153816568286993061E+01
    0.270344417571969930E-33    0.124997317406681805E+04    0.131650792706847551E+04   -0.105540765583768836E+01    0.811417836529395586E-01    0.539575848892043908E+01    0.533766354804773790E+01   -0.370090638414852124E+01   -0.109975673395818845E+02    0.617327720867992147E+00   -0.221939704772124546E+01   -0.475011495192421762E+01
    0.322991774927698987E-39    0.127724833499963506E+04    0.991887994634772895E+03   -0.132782360043950964E+01   -0.525787909553738997E+00    0.876188367479725017E+01    0.494791279557902808E+01    0.136136550799391287E+01   -0.326121737152693569E+01    0.617073956150709702E+00    0.125577461666704693E+01   -0.278095367939752647E+01
    0.262114246289390810E-79    0.146187283522920211E+04    0.789592206940513051E+03   -0.132116221419087232E+01   -0.680802976106359869E+00    0.804063906660663008E+01    0.565400748301393374E+01   -0.362556413671109734E+01   -0.656971587206307106E+01    0.617971475028874284E+00    0.230096351668295007E+00   -0.373732553621338282E+01
    0.423615217546717871E-73    0.143328172396496029E+04    0.957578214084862225E+03   -0.170147126053869435E+01   -0.250523319955766599E+00    0.771982675907131011E+01    0.452577943604191102E+01    0.728299015510288861E+00   -0.987159088839624843E+01    0.618225697889784986E+00    0.590233232417784137E+00   -0.467108175163027628E+01
    0.106547010530580755E-22    0.120117852295201828E+04    0.131808140624159364E+04   -0.167098955155068740E+01   -0.626003155175669068E+00    0.870771242020197533E+01    0.500227704199503176E+01   -0.143104029940812527E+01   -0.890323868639420724E+01    0.616904315568408856E+00    0.170763610274732702E+01   -0.559596170305508700E+01
    0.399328068019508433E-95    0.153471355252220405E+04    0.106105498971358566E+04    0.701458112649776311E+00   -0.724488598124940930E+00    0.717646912580637508E+01    0.511923199585310229E+01   -0.187840123907223155E+01   -0.662443383212015569E+01    0.615669400869326422E+00    0.786016824164074812E+00   -0.582574944910625625E+01
    0.999473821453785938E+00    0.109538749353874528E+04    0.127735027658180479E+04   -0.380491406299805712E+00    0.229824628477576454E+00    0.910341046436881385E+01    0.521379553310058075E+01   -0.422695184323761097E+01   -0.794490357819554127E+01    0.616490748104471353E+00    0.164163086441187822E+00   -0.400947441415812733E+01
    0.594864430413044220E-80    0.146483889927862538E+04    0.931311861003249987E+03   -0.242925661848192531E+00   -0.667992402689026266E+00    0.625359176152761176E+01    0.388056904841298511E+01   -0.194764293831973667E+01   -0.774270425487754022E+01    0.615801668767549826E+00    0.532489210122133017E+00   -0.400309876531282161E+01
    0.226117661279322326E-94    0.153124583796768911E+04    0.131037101417353142E+04   -0.963870325436953168E+00   -0.495680114024086071E+00    0.685619057368131557E+01    0.545991735994043115E+01    0.240377142178970438E+00   -0.295282092065880342E+01    0.616471730146924579E+00   -0.762834460110449974E+00   -0.286627721132122915E+01
    0.102215222905790733E-95    0.153743895789394719E+04    0.502636956385325107E+03    0.261371835782491235E+00   -0.929145178370130997E+00    0.673445940810525112E+01    0.558681129698550372E+01   -0.470829015952753949E+01   -0.777372801940020430E+01    0.617402236535193327E+00   -0.285757399447387250E+01   -0.270316572231793950E+01
    0.254301553503788386E-78    0.145732818440702567E+04    0.801348338898362499E+03    0.430314591325720031E+00   -0.139023132147623785E+01    0.539173764681798051E+01    0.598522395594933432E+01   -0.457332388652582900E+01   -0.442128212852406577E+01    0.616598296628567688E+00   -0.596136625064370218E+01   -0.486863501884483263E+01
    0.182706385621159619E-79    0.146259463532736481E+04    0.631523403453298556E+03    0.115521421780196265E+01   -0.274312976167352174E+00    0.605403716394497327E+01    0.454104408108139079E+01   -0.515391268132585445E+01   -0.994361206721747948E+01    0.616797823106483234E+00   -0.521520546751662728E+01   -0.137544330428065464E+01
    0.218992186544591758E-84    0.148525817498305287E+04    0.605698135845879619E+03   -0.154381795732387195E+00   -0.434631234572982139E+00    0.749513068888941980E+01    0.377791959852991921E+01   -0.633285113445515968E+00   -0.960751011388190079E+01    0.617796176788081519E+00   -0.405975250502638385E+01   -0.288855637872727744E+01
    0.143912716799653871E-94    0.153214953498060231E+04    0.456188426523996441E+03    0.515244181985192284E+00   -0.257420812522784592E+00    0.879543565443142228E+01    0.322544791165597067E+01    0.798844313159738917E-01   -0.705734795375022550E+01    0.617004163219262214E+00   -0.423702311808136578E+01   -0.407194692616433151E+01
    0.510145629827633497E-62    0.138225311052664028E+04    0.711090082643857158E+03    0.138948943091790955E+00   -0.112483239746953756E+01    0.506558537663758557E+01    0.296364902859827506E+01   -0.469428330087240209E+01   -0.120204323032221385E+02    0.617171150016559200E+00   -0.137421516199675420E+01   -0.529528680783440997E+01
    0.604705105831399017E-37    0.126678376652257316E+04    0.788175270624433779E+03    0.177841746837883896E+00   -0.400339448798015196E+00    0.606824426632077429E+01    0.375968026554627421E+01   -0.489779983281404974E+01   -0.109255339810614682E+02    0.616617261432421349E+00   -0.209474812408995392E+01   -0.311693473653692266E+00
    0.176899040329655562E-65    0.139818685519944256E+04    0.860542884055003924E+03   -0.445743421619777758E+00   -0.808743920524691129E+00    0.530005870214449804E+01    0.332210728989361437E+01    0.434868906929297694E-01   -0.776668024289273617E+01    0.617258307652087113E+00   -0.378751379897591578E+01   -0.252791756143680058E+01
    0.187619183360771412E-90    0.151319843962545474E+04    0.638960524350278092E+03    0.102869324798884465E+01   -0.470443269494394745E+00    0.670970619297073334E+01    0.161690802396149214E+01   -0.180764198887181315E+01   -0.110596724647165434E+02    0.616411090309921472E+00   -0.585442351090902324E+01   -0.365582856432160153E+01
    0.469457376509863295E-98    0.154820547467014785E+04    0.567837427679984103E+03    0.760034438944029667E+00   -0.144711032249577443E+01    0.702227048150456934E+01    0.510978859829330379E+01   -0.374207971913844339E+01   -0.133977606936756022E+02    0.617541049022319655E+00   -0.166228988112293674E+01   -0.320484961128731527E+01
    0.196123059076910280E-63    0.138877018855061215E+04    0.104367146712440103E+04   -0.101041637527772776E+01   -0.793728573991706821E+00    0.582432306190355487E+01    0.582378039343726339E+01   -0.484249945833382878E+01   -0.751791924003912815E+01    0.616416045932432599E+00   -0.440432577802063463E-02   -0.447438406561619217E+01
    0.928689343368491259E-78    0.145473767740186213E+04    0.981408535093352384E+03   -0.145129167543070148E+00   -0.290928664043193397E+00    0.572967738857841447E+01    0.488130401057582031E+01   -0.443467275006140227E+01   -0.923934339215453804E+01    0.616386276359294216E+00   -0.357940594558479752E+01   -0.553720337322583234E+01
    0.334972995746327676E-95    0.153506501929379783E+04    0.855481028379595273E+03   -0.535494545849622750E+00   -0.773549393176048206E+00    0.534246855423221767E+01    0.499950148446298659E+01   -0.243207821605361163E+01   -0.122613729533816240E+02    0.616287487062329276E+00   -0.572295546202224603E+01   -0.792084029859230654E+00
    0.202167604772054964E-82    0.147620771255375416E+04    0.754927390294301858E+03    0.594025376664877314E+00   -0.184174718827056938E+01    0.603609775379365843E+01    0.595233730586210985E+01   -0.359976117884872915E+01   -0.792205895681587524E+01    0.617180505749751251E+00   -0.352826404655556436E+01   -0.451414930444941120E+01
    0.122226225409575893E-74    0.144037279795724498E+04    0.884145354932863029E+03   -0.530773282037110716E+00   -0.180609958006003635E+01    0.929415800527206315E+01    0.402934507618239124E+01   -0.169050741706169916E+01   -0.118944758548395271E+02    0.617273193172926837E+00   -0.237579554691446315E+01   -0.526738307659349836E+01
    0.217950838132706955E-83    0.148066253785125878E+04    0.974354652112339522E+03   -0.729212959486039258E+00   -0.155626348955574234E+01    0.858694539328335615E+01    0.328966604999143186E+01   -0.119336935190553994E+01   -0.132802052506137063E+02    0.617603538830851173E+00   -0.288114190858933839E+01   -0.164117460691829553E+01
    0.197365901493288429E-89    0.150849197926769784E+04    0.855174559535712319E+03    0.497464951162323921E+00   -0.113541394224437742E+01    0.960480284751293389E+01    0.292716365665858946E+01   -0.408796650871889522E+01   -0.572727574221460678E+01    0.617026127887569165E+00   -0.540950374370624765E+01   -0.401401620585677144E+01
    0.601628187324202429E-69    0.141415941504489865E+04    0.951033573179583072E+03   -0.133326003758402978E+00   -0.138648040935188366E+01    0.650465426329531393E+01    0.446532174237497692E+01   -0.380292337410931180E+01   -0.596640953190234313E+01    0.617074222760641833E+00   -0.190731345328733592E+01   -0.242242604559718844E+01
    0.157318576362920383E-94    0.153197140314910666E+04    0.623012438865272316E+03   -0.110000319744533126E+01   -0.992670731148284968E+00    0.971602961964182477E+01    0.374432825840582284E+01   -0.549643359701858181E+01   -0.785344773823340248E+01    0.617500282825537483E+00   -0.119451287651009608E+01   -0.361634272037136251E+01
    0.710916428342358156E-97    0.154277034973973014E+04    0.849782879270115359E+03   -0.187693181265400799E+01   -0.117695659883443371E+01    0.690347685400987210E+01    0.520485566499743779E+01   -0.518255331449256662E+01   -0.631005961488200739E+01    0.618270147407661730E+00   -0.240457480923442368E+01   -0.575062957604820113E+01
    0.313897730255076455E-71    0.142467090020174669E+04    0.898163881511676436E+03   -0.126694365768633244E+00   -0.114000575058902820E+01    0.951659061410352791E+01    0.498031619102287504E+01   -0.126371227140624764E+01   -0.898163866718448389E+01    0.617172386507502058E+00   -0.495072523698614475E+01   -0.373118068808981329E+01
    0.329489542947235208E-97    0.154430837026887048E+04    0.750697456818208479E+03   -0.555934777422252058E+00   -0.841038238952805273E+00    0.879870094521116819E+01    0.491352766896821613E+01   -0.591310431013849591E+01   -0.643068134663608859E+01    0.618113568360231458E+00   -0.533246357056453313E+01   -0.207993029514118888E+01
    0.361816671691887078E-89    0.150727982271208521E+04    0.957986555557034421E+03   -0.223696330038030133E-01   -0.768074759132228335E+00    0.952634590506157686E+01    0.535218346409396872E+01   -0.431202689664330929E+01   -0.512462231257597978E+01    0.616656908759322553E+00   -0.566876130701127856E+01    0.121776063378161581E+01
    0.123671705743808704E-88    0.150482166678888075E+04    0.686583320122059718E+03    0.100454093144456547E+01   -0.310770516336932756E+00    0.981089456182104058E+01    0.239708543498373050E+01   -0.101391623103454975E+01   -0.123703567969814401E+02    0.616232729436194671E+00   -0.443148928080137772E+01   -0.118425267632813025E+01
    0.125415181872836230E-78    0.145874196659285280E+04    0.685781974976262518E+03    0.839588076211007284E+00   -0.890989702459508148E+00    0.725118396828809963E+01    0.150758318080816212E+01   -0.182348912326753165E+01   -0.111123937455576005E+02    0.616347162060087772E+00   -0.262112008767521321E+01    0.209754578235754607E+00
    0.215700747277460245E-86    0.149449880342199458E+04    0.573064696284708702E+03    0.763857037091584701E+00   -0.493170690730464933E+00    0.738764701573726956E+01    0.524319369063730445E+00   -0.117155028830085062E+01   -0.904050742658445472E+01    0.616700036841162702E+00   -0.593932380456209863E+01   -0.317242365840894669E+01
    0.272829763794508733E-89    0.150784440196592345E+04    0.606048298363881941E+03    0.564104135907523840E-01   -0.195831922626689803E+00    0.916842282175538870E+01    0.192163318852107023E+01   -0.563946352116995175E+01   -0.684647230464485368E+01    0.617885689645312208E+00   -0.260962397010358371E+01   -0.491562379951222361E+01
    0.224988782931421099E-78    0.145757312487508011E+04    0.877270306424522460E+03   -0.684281040156631271E-01   -0.155853109116366406E+01    0.689360251176898498E+01    0.220551814254505274E+01   -0.363720894368358882E+01   -0.596003977412394370E+01    0.617345380840668256E+00   -0.267583397309505111E+01   -0.243765071874504757E+01
    0.918292037242253846E-89    0.150541706708882111E+04    0.729162341962931009E+03   -0.141509664771579180E+01   -0.120075678030804545E+01    0.630685590556937914E+01    0.373562780951659601E+01   -0.255653291284050610E+01   -0.137655649812505576E+02    0.617526594417262542E+00   -0.518399118660796887E+01   -0.229326500359594565E+01
    0.251886643011958567E-87    0.149879379932963957E+04    0.641591724734058062E+03   -0.412573119503518937E+00   -0.131863585709830144E+01    0.706141439164702778E+01    0.241304148375857475E+01   -0.517613068880835492E+01   -0.526797487289563726E+01    0.617448420891427707E+00   -0.253977758713807455E+01   -0.463424664223778038E+01
    0.603887463347317234E-63    0.138652089745667809E+04    0.768477511327868910E+03    0.783819666004720084E+00   -0.103327834994190404E+01    0.602891569457374032E+01    0.170513196531391742E+01   -0.428251570277661830E+01   -0.117831129280431206E+02    0.617154471993176079E+00   -0.204344617815740026E+01    0.640452102762667508E-01
    0.304020451215968733E-93    0.152604858881378823E+04    0.641375361536454648E+03    0.146489434590535339E+01   -0.701777609124549340E+00    0.647201552459711227E+01    0.586506148859766929E+00   -0.377986005223632171E+01   -0.665899744998466581E+01    0.617224948428665376E+00   -0.336962320299924212E+01    0.109204135114204437E+01
    0.143996600296279059E-80    0.146767598696121604E+04    0.633327497856781520E+03    0.132151430684505389E+01   -0.105654866306387185E+01    0.666473840216171265E+01    0.582594851956928395E+01   -0.245346080786097120E+01   -0.103039865348074287E+02    0.617230022073556150E+00   -0.282606610788183943E+00   -0.175591706263273206E+01
    0.945589204574003217E-98    0.154680501322928103E+04    0.646841889258323818E+03    0.182342921842817152E+01   -0.537915551682333515E+00    0.583191213925613727E+01    0.502166116094710979E+01   -0.501740777683027162E+00   -0.694565121382386508E+01    0.617125077325822780E+00   -0.197825326867797191E+01   -0.992011906491188533E+00
    0.382897104091162839E-88    0.150256139523888760E+04    0.712610137943048812E+03    0.103063136934608446E+01   -0.523235157450530508E+00    0.667753223307268140E+01    0.551584078883248807E+01    0.837451920934489280E+00   -0.718214474090269483E+01    0.617595836703162315E+00   -0.160765149271801544E+01   -0.452734526042167751E+01
    0.246251730590611321E-94    0.153107524032992342E+04    0.112219650010192936E+04    0.538591752722191508E+00    0.177140747702450696E+00    0.608795995412448843E+01    0.478700177669697080E+01    0.594974910992618788E+00   -0.712131759971395883E+01    0.617288355753499385E+00   -0.124209595268765138E+01   -0.435121626717563803E+01
    0.651087050919759788E-50    0.132650317405798114E+04    0.739088231695824334E+03    0.792544703092809222E+00   -0.398185410902369696E-01    0.510461855740130499E+01    0.568511983061999526E+01    0.599415487660531987E+00   -0.103289207566840293E+02    0.617107587858010564E+00   -0.814918124384985454E+00   -0.444093575701047349E+01
    0.157422670427085308E-66    0.140302531502531110E+04    0.810912760645521075E+03    0.560373984591345575E+00    0.231371954456960349E+00    0.732296476126783169E+01    0.487005327629423057E+01   -0.297467716562040785E+01   -0.121109779150728443E+02    0.617216117903302441E+00   -0.543967188501096821E+00    0.121150299792565797E+01
    0.566660409410882144E-47    0.131296542980589811E+04    0.108193981042128598E+04    0.703724640018250192E+00    0.174806148313337850E-01    0.758957405757937398E+01    0.346770092817984343E+01   -0.167599778639366370E+00   -0.887385471838619466E+01    0.616891708816330375E+00    0.405895051499475912E+00    0.882466836174796931E+00
    0.345020028990654127E-24    0.120803883098558708E+04    0.117132018820301369E+04   -0.544302630820566069E+00    0.209148903013113063E+00    0.553974987025142429E+01    0.430949884565238328E+01    0.183340622873729764E+00   -0.726267870083921174E+01    0.617090097568623097E+00   -0.704192205915301628E-01    0.898731172041946635E-01
    0.140340852811208177E-31    0.124207407897517396E+04    0.950444300901769566E+03   -0.664142419994069977E+00    0.188362831151456245E+00    0.634155295687514631E+01    0.364192536001321843E+01   -0.172959502294463441E+00   -0.922280599683495339E+01    0.616263840523921580E+00   -0.840677106392123008E+00   -0.112793885513673864E+00
    0.288917200656815806E-57    0.136036437177568723E+04    0.774997690649249989E+03    0.150479331391550453E+00   -0.524813508279352359E+00    0.513898895388377763E+01    0.448578052704952590E+01   -0.766842349615191488E+00   -0.655300853912052084E+01    0.616473365145486341E+00    0.131460812691022433E+01   -0.838592416923363615E+00
    0.263878594725306999E-55    0.135133533343418185E+04    0.780893828049186595E+03    0.112990407870800613E+00   -0.497765368788575024E+00    0.624587404559044934E+01    0.354963889389914566E+01   -0.185715935656146414E+00   -0.624473877767693075E+01    0.617036232338392221E+00   -0.842421539005345998E+00    0.105963323990413549E+01
    0.231970042979934992E-37    0.126870003186773056E+04    0.998653890303286971E+03   -0.579818305349388829E-02   -0.332555607133728559E+00    0.572814733548512312E+01    0.345488930392046312E+01    0.793028143035137134E-01   -0.435971212495771887E+01    0.616479422407725464E+00   -0.107778274638196780E+01   -0.541469014440026974E+01
    0.473772850104432373E-72    0.142845274887851087E+04    0.968953966639556597E+03    0.192242072714816636E+00   -0.166125248799779524E+01    0.684707315807570271E+01    0.410272511629467207E+01    0.880534936308517757E+00   -0.914463095537381676E+01    0.615961380902034228E+00    0.170936168832776403E+01    0.667978438691910092E+00
    0.966589226436541204E-92    0.151913006134653142E+04    0.976783604968010081E+03   -0.742387351924893579E-01   -0.983418859064811191E+00    0.601318362271360041E+01    0.434018161689461834E+01    0.509346439152555064E+00   -0.100584934140094369E+02    0.615859979146632375E+00   -0.167177400594558634E+01    0.400021746515053067E+00
    0.134671662088562562E-71    0.142636335530116639E+04    0.714617252223750711E+03    0.355324265905168524E+00   -0.115016013478907153E+01    0.587862971193381156E+01    0.392616236207406555E+01    0.898184791480563405E+00   -0.645126741664923387E+01    0.616568267665227210E+00   -0.357285887723793216E+00   -0.300062853731540224E+01
    0.227495830919702444E-81    0.147136647270250069E+04    0.679326164993095404E+03    0.962607481862413739E+00   -0.807347697929665653E+00    0.596059552823241212E+01    0.449011437654808354E+01   -0.457804870245678064E+01   -0.408091755900083086E+01    0.616254801883732606E+00   -0.719285785667095112E+00   -0.294606844138888446E+01
    0.576856743729909535E-82    0.147411071879784436E+04    0.771731229220405112E+03   -0.345673580905773603E+00   -0.955361915916535409E+00    0.620565866246256803E+01    0.443321083003509031E+01   -0.246628800916663726E+01   -0.519463041639871115E+01    0.616914179443440069E+00   -0.111721864470017351E+01   -0.333252431610711097E+01
    0.349005378443246346E-81    0.147051056186149981E+04    0.779056106398257725E+03    0.505361531907825068E+00   -0.640396302671633944E+00    0.814494143747637978E+01    0.508898084832357345E+01   -0.334570308187578291E+01   -0.568894246126151870E+01    0.616876710219527502E+00   -0.987138572037602913E+00    0.355476683647415470E-01
    0.276878538746706203E-97    0.154465630166001256E+04    0.809662390504026007E+03    0.991616657286046532E+00    0.945403552991779250E-01    0.806773945234731116E+01    0.536751803432891528E+01   -0.103443732983401571E+01   -0.349217656558306544E+01    0.616065540681616675E+00   -0.527407834237491269E+01   -0.107086184265976136E+01
    0.573967027318711137E-78    0.145570008206777925E+04    0.845206688730054452E+03   -0.241240548995231840E+00    0.174237009902284079E+00    0.871530806667514568E+01    0.337679971606294371E+01   -0.545624505061542386E+01   -0.828981089912494085E+01    0.617799543865562795E+00    0.245792814445151997E+00   -0.146046969687604822E+01
    0.121008436456865625E-41    0.128842220855626738E+04    0.868654388608303634E+03    0.999564468663453720E+00   -0.196751590494392392E+00    0.920653089998013385E+01    0.572354071833942069E+01   -0.577594434829410996E+01   -0.416545890612533398E+01    0.616695513407007678E+00    0.283557262506715979E+00   -0.311911455646762725E+01
    0.175859637861678145E-59    0.137056762010654029E+04    0.864816455718462180E+03    0.892340516014802354E-01    0.238856052226456228E+00    0.519951462665548814E+01    0.569263442479453730E+01   -0.196833571149477393E+01   -0.536165982639633043E+01    0.617376512935957966E+00    0.195026880988051499E+01   -0.131545745562690808E+01
    0.471986017906901225E-35    0.125806900924810293E+04    0.116396781737903484E+04   -0.109580916619158963E+01    0.220300105489063203E+00    0.663822805394872439E+01    0.462894992055615706E+01   -0.478822536622219985E+01   -0.558005574040402230E+01    0.617475706200392271E+00    0.824884665532600536E+00    0.134192389870835438E+01
    0.423675196896969243E-90    0.151156933396835393E+04    0.886069650746942557E+03   -0.105993267073690678E+01   -0.739177797583478791E+00    0.689551643835856343E+01    0.250669359325773122E+01   -0.438309230861525556E+01   -0.800827256420572908E+01    0.616403426735928961E+00    0.761228095599638444E+00   -0.174753583572144322E+00
    0.729553043413246611E-51    0.133088076679338451E+04    0.675038045463423487E+03    0.270670941518510677E+00    0.196666952037797049E+00    0.894554385899406412E+01    0.262699709038989537E+01   -0.557167713455553137E+01   -0.855955357084778257E+01    0.617039319179992329E+00   -0.912527776297080706E-01    0.769259061016504653E+00
    0.550237616243215555E-80    0.146499486591277991E+04    0.128565038106188740E+04   -0.658082078143108040E+00   -0.928342845979402309E+00    0.108740267967700053E+02    0.409014990066215223E+01    0.123938926986291431E+01   -0.105865816726521693E+02    0.617084136937735783E+00   -0.742156025052143953E+00    0.177836315614292140E+00
    0.545775606998774748E-65    0.139593359772172539E+04    0.779829033031359359E+03    0.449817591193646837E+00   -0.101800419422350297E+01    0.881818446835607439E+01    0.540597297684175526E+01    0.701941705515571002E+00   -0.138564946916434195E+02    0.617215664368334416E+00   -0.160766972765889804E+00    0.986386151110417053E+00
    0.622830304575758322E-43    0.129435572126539296E+04    0.118043399971171220E+04   -0.146839139870146562E+01   -0.645380573985014028E+00    0.912169963746961443E+01    0.523636297973760989E+01   -0.564124289509964960E+00   -0.102577804036584332E+02    0.617378734814285735E+00   -0.381785619582366564E-01   -0.251407990065416875E+01
    0.137541542306221571E-73    0.143553152304510832E+04    0.677859640374377022E+03    0.893935917493914989E+00   -0.130283369418422046E+01    0.997369046734476683E+01    0.522253424640138952E+01   -0.241011068401261497E+01   -0.769584101187080538E+01    0.617215268286033458E+00   -0.947697550775762565E+00   -0.100179878334191574E+01
    0.326293283654906697E-66    0.140156759049778293E+04    0.808125592005277440E+03   -0.241693314252886760E+00   -0.832234786038118068E+00    0.890198217713605366E+01    0.522197742551377253E+01   -0.404766345578735098E+01   -0.121960879609196322E+02    0.617604687112446094E+00   -0.110518694480425950E+01    0.467438042376562279E+00
    0.252580621323689789E-90    0.151260380722133732E+04    0.743623505973635247E+03   -0.354037198586879320E+00   -0.120428735514787477E+01    0.108257162027278078E+02    0.553187440892226867E+01   -0.399569599645342466E+01   -0.146510438744993348E+02    0.617920536054679448E+00   -0.136244263130430365E+01   -0.580353792429116666E+00
    0.520348842994782558E-65    0.139602901467474612E+04    0.912516242313299017E+03    0.100162216385783109E+01   -0.129443235142353563E+01    0.105297738674352921E+02    0.285889534235084408E+01   -0.328930094189265887E+00   -0.447090856729195707E+01    0.616793925166712165E+00   -0.648423304069142503E+00   -0.841448770283411918E+00
    0.602573523222634798E-75    0.144178729603543343E+04    0.867726469683966343E+03    0.157884592523504619E+01   -0.748128212539221460E+00    0.105554580679373196E+02    0.438620088073563341E+01   -0.159877607645592779E+01   -0.395151945137316218E+01    0.616874796823633664E+00    0.180453293499254297E+01   -0.255298886259378577E+00
    0.512347854900925647E-51    0.133158762335114398E+04    0.835713102304996710E+03    0.798957920788857745E+00   -0.414264329875010384E+00    0.102080464993715214E+02    0.532920295570401947E+01    0.777503966500976418E+00   -0.139788810164469961E+02    0.617018388470327750E+00   -0.539744304016988252E+00   -0.238692746965712788E+01
    0.127025242784446010E-77    0.145411128412615858E+04    0.772981282583167740E+03    0.132819341741762464E+00   -0.143458611340030240E+00    0.870182243978453940E+01    0.572113898962480771E+01    0.102295610728678810E+01   -0.140926959076930860E+02    0.617651097599435150E+00   -0.629365968181521573E+00    0.696089186127056614E+00
    0.988971984996790885E-55    0.134869297968274964E+04    0.856654039087369256E+03    0.141583568998758391E+01   -0.333496967863761373E+00    0.896920197378219441E+01    0.439978318655250522E+01   -0.328354285444628990E+01   -0.140571740471801689E+02    0.616553055669298411E+00   -0.121972692302786889E+01   -0.533138719006672090E+00
    0.128192164175702198E-94    0.153238088810404838E+04    0.420496353594608820E+03    0.122552163188616836E+01   -0.501928278391217120E+00    0.862669626920251176E+01    0.515713094248331672E+01   -0.798137637279568324E+00   -0.125063817997683451E+02    0.617201678080312011E+00   -0.465502211559949863E+00    0.879712203120247338E+00
    0.450686217284767064E-91    0.151605089569048664E+04    0.682518441651427793E+03   -0.677613455093165840E+00    0.183206727759824162E+00    0.928386778633153753E+01    0.237985384148586121E+01   -0.234975717995410172E+01   -0.148613378233012892E+02    0.618167388489232805E+00    0.124050732950873233E+01   -0.254375530929750004E+01
    0.307194867803114985E-78    0.145695026138019944E+04    0.526029387961482826E+03    0.115816833270836739E+01    0.157240873044060425E+00    0.932360316797262811E+01    0.405736807016803347E+01   -0.375415338712383750E+00   -0.140622869125032750E+02    0.617029756253582806E+00   -0.554586213088043678E+00   -0.210538583621935427E+01
    0.140378633018819221E-71    0.142628034808074153E+04    0.725061958931143181E+03   -0.697026874031945409E+00   -0.663444417761926974E-01    0.935929986600601183E+01    0.402109236942776160E+01    0.967788618337860562E+00   -0.145009298881521431E+02    0.616708921771326413E+00   -0.304661881367985643E+01    0.183204232050018234E+01
    0.737864988569693669E-38    0.127099089679910958E+04    0.120602151310539421E+04    0.165306599532179543E+01    0.159431418247144574E+00    0.980305552180480255E+01    0.593813414479531687E+01   -0.160801065383250830E+01   -0.128553704275161369E+02    0.615880617545976561E+00    0.915237676989895554E+00    0.326912619682182104E+00
    0.204426483534031794E-74    0.143934412839151810E+04    0.141272957883767049E+04    0.851748798098706850E+00    0.557456688654189847E-01    0.845829184328877659E+01    0.592977608622612085E+01   -0.501285773191434636E+00   -0.134462554964278898E+02    0.617019733683185745E+00    0.451639945159575618E+00   -0.758378716285431409E+00
    0.323040204964932460E-90    0.151211171462348011E+04    0.714831610713180453E+03   -0.118281038348167611E+01   -0.983811149706141919E+00    0.992566249915735810E+01    0.353518844556557266E+01   -0.722597351952785516E+00   -0.118165282890786472E+02    0.617164740992946492E+00    0.150301979418272857E+01   -0.870878109762780461E+00
    0.467687771106772899E-55    0.135019070985697022E+04    0.940986570698094738E+03    0.399692303422705564E+00   -0.181352198143177890E+01    0.943946810063299502E+01    0.410126733349846351E+01   -0.120432190730831135E+01   -0.104103067014125710E+02    0.616515123883716876E+00    0.163413554486794155E+01   -0.209043548812435231E+01
    0.134048263616019717E-71    0.142637263484512664E+04    0.102070773010876337E+04   -0.137177656828348460E+01   -0.178958605553409145E+01    0.992855447821968085E+01    0.231130768871513048E+01   -0.617412441971929127E+00   -0.967678875991562393E+01    0.617525588558093252E+00    0.134789779683126643E+01   -0.278872152493734715E+01
    0.306999803821774492E-64    0.139247914914875400E+04    0.885492592323859526E+03    0.316443810705924200E+00   -0.191655636631813531E+01    0.875837104020994062E+01    0.421762315797906062E+01   -0.223718431964433728E+01   -0.941790727573365416E+01    0.616927912389092614E+00   -0.535299003709785559E+00   -0.454163120036302015E+01
    0.640729880664178274E-96    0.153837307338734195E+04    0.727651901021172648E+03   -0.148821535995988041E+01   -0.910554334205475380E+00    0.846881189852003402E+01    0.365693246632231794E+01    0.292130089779513824E+00   -0.124020507212220341E+02    0.618197932489897184E+00    0.160909952237226150E+01   -0.404254630145308091E+01
    0.159992424146939795E-84    0.148588599415559338E+04    0.568036146438760397E+03    0.835520690107498076E+00   -0.506122088008259974E+00    0.918869936710954782E+01    0.227377380824510444E+01   -0.235624371194422633E+01   -0.136871827937128803E+02    0.616730498622371948E+00    0.173686502421554945E+01   -0.133486778441591003E+01
    0.600118843134392990E-95    0.153389886371653847E+04    0.119978148070879161E+04    0.928336424872783894E+00   -0.175579965460624932E+01    0.103057990284547252E+02    0.514108555333685757E+01   -0.259186449576531253E+01   -0.103874634732614020E+02    0.616420419243327578E+00    0.182083769446892152E+01   -0.193375183060723366E+01
    0.424923621494955417E-90    0.151156344932429556E+04    0.102162807285635915E+04   -0.506078123301232807E+00   -0.135831913440181684E+01    0.103672650851670092E+02    0.149729609735444247E+01   -0.112744426291605748E+00   -0.798521297028961197E+01    0.617680713937606929E+00    0.104142501377905994E+01    0.128482450658414749E+01
    0.128836174602718970E-49    0.132513820731016540E+04    0.768751223056805884E+03   -0.591600118929394903E+00   -0.259106099016504832E+00    0.108278425137599399E+02    0.490053929144291978E+01   -0.266472239338842476E+01   -0.581655353402215169E+01    0.616893434737465496E+00   -0.233636505503548131E+01    0.580298954345909834E+00
    0.776205660075496140E-94    0.152877911392365559E+04    0.473576577003176681E+03    0.641629220569412073E+00   -0.378255342401352168E+00    0.880226898191456186E+01    0.431736120933535084E+01   -0.657174873308701279E-01   -0.720856573780587606E+01    0.616996665442286485E+00   -0.414315425534483950E+01   -0.137528281684571496E+01
    0.411498007346304598E-92    0.152083800021817933E+04    0.573631488904413573E+03    0.475715174935923635E+00   -0.617805745582560739E+00    0.101523516369195921E+02    0.281260449080880726E+01    0.114669940806919257E+01   -0.596156460849129033E+01    0.616680752328850335E+00   -0.226117998748538218E+01   -0.174275296914102817E+00
    0.109504088657692572E-61    0.138072540903213144E+04    0.727753728291425887E+03    0.111246263426836745E+01    0.152396979027295654E+00    0.830719763289710400E+01    0.559526160882164092E+01   -0.219532816732245406E+01   -0.806532352482875226E+01    0.616276692530609682E+00   -0.301888880473863752E+01    0.315001979030081536E+00
    0.424060407441170432E-87    0.149775200581269178E+04    0.876348501201706767E+03    0.727384184765131003E+00   -0.249112923642600625E+00    0.926699575258744801E+01    0.518993569296550739E+01    0.772997363334016363E+00   -0.310252398084713121E+01    0.616507731762529043E+00   -0.525845982375526866E+01   -0.291861287164801242E+01
    0.140529123306391543E-16    0.117299384493723937E+04    0.959071424065016231E+03    0.181388061723960714E+00   -0.121096375859027550E+00    0.101463885456791409E+02    0.190547718298597957E+01   -0.392062823440414654E+00   -0.992490212589554943E+01    0.616430284060776268E+00   -0.680552007493460565E+00   -0.126735991958533134E+00
    0.694253227256852664E-48    0.131716444684062935E+04    0.866912809626001717E+03    0.970840052546692700E+00   -0.433177864002563862E+00    0.108827852443402460E+02    0.212085645902042863E+01   -0.200156058048392271E+01   -0.518290869097143769E+01    0.616329769036811914E+00   -0.174470435329422902E+01   -0.572213582734189252E+01
    0.101474116238353095E-60    0.137627255511488033E+04    0.746045962307300442E+03    0.550553956151962343E+00   -0.153471030130216679E+00    0.989521414969466662E+01    0.293544189192299987E+01   -0.392181948401164160E+01   -0.486110301965381275E+01    0.616297046703261242E+00   -0.296772643133288483E+01   -0.980667803520872461E+00
